72988
70611
25024
19600
17758
14170
73800
20654
85828
77072
21581
15673
65761
9893
68777
84738
2856
50843
71443
69894
50585
70986
68081
25925
17300
79301
55168
16663
19288
7795
77510
18390
65931
45478
74859
29126
99659
39374
41991
9445
5925
16020
21859
25459
40355
44134
14602
20119
5057
36096
35309
46942
46394
3407
57835
86829
72412
75241
99941
80242
20176
6283
4073
1717
11168
63829
4638
41799
22854
18624
21331
98091
67420
76863
47731
75116
96740
35041
38580
76737
26845
17712
4811
63531
32804
26847
61848
79106
92251
86160
77771
70183
4764
47278
54635
72978
229
23914
38357
4404