79801
47607
87296
62743
1829
47935
22684
69841
12993
14977
31900
63371
71886
18464
62497
8053
86117
75876
59662
977
31627
69383
14712
76347
51610
18432
34931
89651
30630
54768
72653
94538
16940
22106
21307
33550
33517
8195
63939
95772
44350
89285
56480
25028
48248
6730
62215
25513
99179
73300
21799
7376
88101
14476
64674
50164
52837
8352
85106
871
11908
50712
21158
59285
24709
32516
43412
63549
55961
91489
21052
73311
6398
70591
69410
87112
58854
84815
82107
33183
75678
48636
70569
70957
37296
69762
75756
55648
83952
75821
29236
53926
84121
88977
75827
70611
18304
54094
22813
57694
69317
12039
21347
16963
10377
30140
90900
16531
23107
35454
24389
4705
62845
43560
4930
50810
81030
3857
4111
34232
90274
47450
34672
67516
54239
78194
35215
75728
18190
56326
56504
13637
33088
18634
21418
79234
74287
74595
81976
21662
89841
61089
66819
92176
73296
71157
96730
74920
48457
17295
93599
45548
5177
80772
57904
77311
49605
39607
54908
8034
82617
32667
74599
27598
4608
78722
47597
96673
75971
93685
27290
97612
72484
58547
31809
61518
6540
56590
4843
30905
49950
70113
97655
97489
18481
7994
85957
45359
70680
88181
2733
79756
13523
99308
3494
32445
62645
31178
23871
21538
66072
99084
93854
29273
1219
50615
49283
55473
36205
59274
48964
58746
86558
20683
5723
40179
55253
94767
78792
34526
26443
47905
56995
32913
37170
45965
95285
5944
42
21824
20743
67512
51946
54958
18221
76320
57614
52099
34423
73091
50507
91958
62009
88141
33698
8186
57340
96397
95470
81198
44962
79853
47022
53400
72896
71976
67384
18569
21744
78289
3266
4059
31081
17046
53551
8733
73207
97186
34051
76175
79361
11009
6111
45952
9526
29616
59588
76580
97585
19740
69624
86578
78480
72779
38634
50383
82152
94287
32870
15046
55025
36430
27263
29264
33904
34940
22427
12190
88629
51924
7364
20488
69306
20626
86813
64604
96295
85276
86835
26771
90444
73789
99981
59733
5281
83232
27713
7359
36555
40626
71011
94629
3128
48562
11303
63971
88635
32723
21179
75555
7777
7317
92481
7838
41607
5137
72658
73550
44462
60730
35938
37466
57114
89285
69155
84216
57943
49629
5394
36655
22271
50928
83170
97558
38919
27240
78453
26156
60178
84433
55966
45536
2702
84573
12176
49731
27157
8755
75117
58499
23285
91435
37371
29246
79638
1196
18981
52983
63903
70934
1409
50771
47908
60694
39219
22487
73779
4261
72762
89899
78629
46085
87395
46419
39747
39992
88562
79678
365
57783
45375
42811
30918
15969
47711
76032
20280
65720
63723
56957
30819
30538
23258
69640
49818
12936
73734
17948
40112
88231
98919
50392
55708
72950
91299
26623
6923
65382
34100
78973
7976
58740
97612
41401
8642
32127
33042
50606
59348
92408
82094
57444
54425
74094
47781
59660
52723
80018
4252
33475
24978
9855
4089
76421
50508
59256
52490
37205
5302
66242
34408
18502
90555
34790
61491
78225
33216
61835
9981
87188
69494
55475
63544
84797
44589
51956
13425
7656
70993
9869
6148
85635
16901
45362
98292
77247
99990
44604
36815
50596
81139
29884
32372
9802
60365
27287
67152
50580
81292
45232
27618
40228
71610
79215
35357
28616
98603
91453
50626
51587
6363
18224
26129
66458
20163
36262
82799
52133
1199
66858
70976
92401
61677
4626
93823
39902
31740
14812
60699
73076
44309
5017
81039
60394
28022
59034
32305
40101
73086
61845
30350
51537
82076
59905
59598
10678
54349
93092
22357
6085
49066
35142
94883
92876
12901
6945
89725
59960
75530
33654
3138
16265
6986
33944
59222
76712
31241
76941
81819
18745
89988
40357
71673
14952
9963
66500
27214
87417
94642
54941
10933
36347
4198
89469
85636
46798
69919
80889
10488
94166
33149
29369
83522
2247
80291
48390
3179
30816
54403
14474
54290
89454
69880
19817
78116
6360
45758
89390
61279
23931
52303
45044
34303
52073
81078
60929
80392
18469
11852
93476
70586
93991
51085
79181
61139
41977
56200
44722
43052
92685
33895
90051
10420
4316
68700
2759
2806
48035
23759
79752
52873
80806
96945
98311
8408
16269
82674
42008
84335
11256
9429
37822
98697
39606
9378
50032
34212
91761
3687
71019
13610
13001
98919
97636
56135
63730
23535
18829
58148
42872
59017
63695
58254
85716
16190
9524
50289
87752
27450
50229
81654
32593
59905
35553
61692
4136
55694
52267
95956
99370
39683
14106
46504
78175
97382
82851
60372
18330
50824
64188
96938
51379
97762
22419
34692
19339
776
28053
95310
27000
63151
27229
41357
47860
99249
49196
17053
71902
88494
34849
67990
89006
86402
42092
90049
83590
86350
12429
92306
43487
74394
16219
629
58728
96514
96420
7837
70926
28176
67434
11167
49272
77437
40050
28987
68792
34959
56933
75323
61258
91210
21093
6977
37543
43658
11734
76172
50526
22439
84244
85557
2460
89556
24271
25720
61183
81103
12052
18882
18112
81721
59343
90299
6477
77347
35514
81136
5715
51599
86546
10203
4877
47136
70105
73867
33549
68464
85829
44870
20028
71384
83994
50748
58902
42240
35847
6196
69789
89339
33522
45443
61004
74488
74605
67160
80957
68984
14899
96054
49439
20317
41737
93482
25147
80113
32216
92554
60390
10362
16171
84677
17554
56494
97099
16499
53715
99201
31587
27248
35058
85617
21713
38712
3462
74682
92591
46737
99538
35718
38551
74239
97283
34402
58286
97676
81228
68332
32286
27164
90513
67505
22868
48955
5314
3274
51557
62194
49452
16916
19508
27482
76237
59190
94756
27625
86282
92428
15337
2450
69529
9224
9722
84986
38939
10654
60624
41604
47140
50197
95919
3037
74121
72849
14848
59497
2840
90651
91109
72358
8309
18467
93504
75327
61403
81597
44365
53158
89794
98429
58148
58811
57373
80541
22389
64948
94278
11164
48041
48192
19690
68838
87641
1055
50452
15269
32945
38934
23857
38756
93226
75402
56303
71312
27942
85569
93129
81910
17324
78469
39822
95658
33212
81861
72844
6802
68019
96703
20708
97051
75223
93155
51911
96256
6890
12759
70000
59881
65145
16450
45054
23899
51283
74756
78879
55138
94158
42544
18212
56975
77381
7741
90783
15977
22803
10874
8012
91641
27947
97178
86132
40158
3763
10830
73639
26707
67059
13158
68389
53373
4382
58697
74724
56408
62593
63325
13159
2751
92231
8608
69418
81210
45037
55432
34844
15353
66082
14958
94964
57991
41716