17937
51481
94302
40840
14370
26146
40373
94198
75188
5492
97661
27582
11600
42695
39327
32807
60422
75007
59591
71691
73296
35169
61601
12360
53869
48266
23335
66340
41396
12466
17739
13561
64485
60572
68056
28994
93784
43155
11579
40417
26403
7719
39495
14600
24029
88309
87417
22397
72924
68834
24199
97540
94352
61381
73697
7091
16748
4378
57547
49665
86408
65355
76590
59411
29770
94369
78442
92403
82641
98179
45024
21980
15509
18936
33586
64971
91435
71741
48508
63904
14061
91804
24968
75624
58690
43032
58725
79762
91885
40745
21527
5426
58645
20635
34645
14463
46046
30430
8390
61250
80903
79891
35854
6606
73519
85933
95027
54980
42564
35875
81086
47
25055
61725
16011
33778
8078
42571
85302
57663
80453
34352
44687
88220
1452
62002
18392
36070
98142
56365
63068
76629
48476
1133
54052
95854
82711
30659
83639
12317
23678
237
64094
44508
88048
96761
77565
71264
31642
1420
13393
50025
80126
1375
56669
14979
36835
87407
13264
46432
29386
32867
3261
15475
23734
77685
56394
35994
18465
32959
36717
50766
10259
87475
50297
17048
35840
43717
15009
55378
33960
88632
28243
35642
64079
43423
20450
99296
37177
69897
82212
64945
16346
46640
61653
13879
4975
67128
64577
50251
58068
50572
99198
38319
81381
14972
60989
25042
69395
22995
26997
93091
73243
81132
70960
45446
90040
49752
8199
90244
74500
94533
25445
58467
18263
77607
32613
2579
30168
31829
75323
92113
65807
73866
65814
78437
29254
68772
3525
94547
8583
86538
56468
83925
10033
71146
80758
16583
75188
56066
30450
62509
69885
11738
80735
29016
63709
51949
47736
41981
99772
37320
16855
94698
90378
25625
33313
27018
3937
73348
3983
80625
54427
40194
43810
31761
57469
4461
90845
33988
72590
87542
91465
15024
41072
69111
40725
62732
52198
78002
31673
2023
8586
82354
30437
15697
88222
61963
53171
21851
92235
92502
39025
23079
74166
7342
99164
73310
76599
72870
97827
464
17603
87260
81835
11799
78317
38683
14338
74334
21152
99540
52017
55872
48134
87676
86264
94018
70279
2739
35863
88440
40029
89703
87497
63223
77159
48105
77538
77315
76226
65437
66947
78277
55058
44042
96402
66768
10752
7652
50209
79173
47926
8041
44145
69670
89059
23371
70118
31805
62062
32867
92130
97782
7046
55928
57895
19910
29127
30673
52188
57221
75334
69413
52272
76009
52884
80430
72160
72926
60528
35418
87815
20106
84843
81679
75361
69632
47314
38141
27939
70249
62603
4842
35984
87407
64937
69456
26803
33976
1840
49425
90576
34125
57238
28047
39952
51646
4670
73277
50806
53621
49344
97268
69289
62853
78516
92578
65056
68198
39748
49555
55574
263
94941
10941
72102
76104
14823
98333
13723
74914
70720
17093
89342
35037
27283
67887
79245
95722
83519
57576
25160
32215
73254
54744
51487
24248
39234
37057
96619
66370
7963
79168
74809
55664
73961
86819
72031
46443
55469
70323
73798
36138
94672
90437
49133
16304
7026
65085
37981
23497
35203
53461
34028
53621
98958
21397
8961
51666
32981
94443
77171
14453
47509
69112
11385
47247
27128
71384
86990
50824
18871
10427
75650
97410
3691
99723
7298
36167
65913
72742
21661
75973
98015
16764
34394
44984
11137
29638
10275
88048
63830
31720
65261
32524
88287
77877
65351
54624
25338
45599
48535
50090
12198
42853
6601
72833
98698
35819
86796
62161
24372
81829
39962
57323
49124
36342
9017
62714
75145
11465
59433
21416
61021
30275
85344
82478
25449
59439
62257
5909
70831
41744
97541
21813
8575
34277
53285
23567
9781
17595
9695
33373
59700
48799
90435
93208
93269
77692
84110
65791
94155
82614
94249
37368
11436
62367
60387
69890
49188
81596
85586
8046
89766
18731
73654
90864
38825
84451
24188
57017
73350
19383
90873
28487
34877
53520
52309
65296
62239
69102
97192
38254
82323
4601
29944
63397
36339
53559
92884
43013
34089
88080
51821
30699
44229
34694
25442
91510
8752
86087
56762
12649
23285
13534
7628
75623
75583
89759
48947
79797
5422
70475
68853
65814
3781
28503
62178
12621
88783
30759
48296
89423
9239
30334
1962
11069
87096
44536
27105
70381
60073
87327
46900
67957
65710
31883
87456
46163
4952
54373
27397
78786
91220
43207
44097
41693
23908
72952
41819
15131
34930
59760
85999
97067
23269
80691
61243
55416
14513
47900
57940
10380
13276
60444
26335
44892
44687
71856
50621
37733
19301
48287
42081
44198
56703
65081
60792
63407
19430
70709
32206
22543
5940
8896
14676
69104
59134
60164
47926
91814
24138
20620
70258
48849
10900
83089
17674
82237
67823
51175
3321
30640
64601
21037
71864
28560
56185
18836
35375
10476
52690
47768
16112
5298
8375
83616
72785
53394
63089
5991
8261
8490
84117
93639
81094
8286
68465
16233
58769
82735
47631
19583
15527
44650
25109
17220
76872
61157
844
67142
7133
61948
83668
54806
1645
12524
66650
57675
77893
15170
26184
19164
19626
17087
95685
13107
78209
33136
56533
33298
10723
36572
56950
86091
13378
7308
48852
73796
36293
27213
65468
99147
39614
75952
7866
1605
46805
42479
937
98853
1518
92305
33120
73305
9686
15278
71606
13626
64169
14848
94932
36751
82654
36226
91529
48405
93873
2919
38795
64745
37694
87691
83028
43601
20077
6362
85383
44606
95623
71946
7212
97637
93002
99296
12951
99583
60716
67810
93922
96288
71553
56273
45518
20776
42237
41210
8738
54146
28799
53653
84590
85998
59899
25517
55197
16682
5073
4197
55362
63389
44832
73169
84275
6579
45008
69713
30218
34732
28580
32044
82106
35153
11715
96546
70018
26595
19096
50891
60231
40882
72840
98187
49359
74280
44629
94639
56438
82233
26585
31944
14156
91914
27427
42285
89955
60149
7197
98981
28074
22738
59669
4076
45410
6590
38258
18462
25952
21587
96105
80039
65709
29420
94051
8167
72843
95989
55322
49613
5545
16806
31195
31155
31640
9458
69341
10852
22764
35385
11207
99621
74781
43842
49836
19469
14292
97085
96331
76900
23521
84909
83577
20555
16777
98423
39200
23367
12578
42310
17180
95427
15867
78800
2075
84545
95539
16336
14638
38774
93147
29996
60077
21614
76792
42405
70019
86490
72589
74573
71569
37256
3503
14101
73849
10403
93270
69915
94970
41201
52832
41652
26570
3280
32564
68932
33059
5494
73540
8043
44158
61472
76868
73430
49770
20940
41505
73286
58558
21751
10201
14003
35989
67608
17489
8698
73171
93914
19213
78426
49682
20207
28484
21343
37157
96865
59243
25153
41796
17427
94159
46552
99597
42227
38809
91912
24762
64489
25355
66175
78791
2711
16296
67668
12752
80755
92660
7810
64650
98274
83188
50171
7466
25759
19040
10668
65465
77541
94811
73842
31478
55535
76062
40089
4462
83740
95289
35426
10743
4394
14217
60859
84180
54083
67764
76388
85197
67167
24606
63747
68163
62686
9821
59383
5419
38008
91696
13878
66445
67884
95460
64471
86576
82662
87819
21453
63225
41542
32215
19752
29614
64595
60749
24730
90
86411
39825
76411
6975
57624
68553
69203
68302
63476
76526
30376
43271
4703
34365
93624
93604
87433
20099
91984
61253
35161
1031
41722
54594
57273
3062
48553
70386
34156
31789
11426
13659
64374
73849
77398
62186
58235
2526
42396
85662
21781
28306
85395
1144
4665
59685
59893
88122
67039
59085
9019
65721
22056
81098
17837
23269
77329
59322
85062
80365
62066
41746
92549
76590
18970
83754
90456
9842
50914
13948
92021
79817
13735
96012
71024
40670
2940
85467
64967
62419
67230
17446
12150
13271
94638
36697
11944
18030
14093
36826
65904
33394
50250
66158
91796
59095
17799
95470
49914
44791
14129
39905
89213
67358
4759
16198
50800
56278
76363
57592
52236
35440
59325
87639
185
24626
14383
90386
61011
39056
84851
46192
48054
30555
2080
83464
26027
70042
45363
1427
36469
62624
36766
52180
5548
58945
76388
37693
69358
69458
30034
34937
22343
47579
26150
16451
17881
73505
16922
97409
83801
19849
68950
9134
78449
9402
87651
14721
74151
89702
14202
89429
3508
33105
85627
15373
8207
46766
64455
30715
26120
94242
19008
97602
85316
27169
60310
28044
50256
64740
82965
50609
64984
25335
96906
65987
45599
71213
93973
395
88144
425
35928
38557
81710
28747
32232
65998
61065
84732
15857
8666
88416
53691
24256
3277
46625
65782
8059
54262
30481
39662
11752
16359
2919
5497
34604
62055
66169
95282
73788
71048
74489
98438
97433
24734
12823
11602
40169
91718
88292
82186
35688
92073
4120
46033
65587
77779
38418
91519
72670
82875
45463
46887
13968
68647
64062
4179
63541
29884
67573
52193
75304
53321
74757
8305
5659
92775
41396
56994
42923
13282
51073
19737
2880
37980
98133
85815
39620
43205
30
60683
15235
80734
67182
64923
26077
25051
85586
70585
7806
25140
52494
52650
35761
64566
60229
90173
55883
45167
52993
64897
31405
95834
82674
40355
57150
53186
10295
72355
87162
7887
12941
20710
90330
24938
58046
67999
34176
2230
38407
43515
42780
31980
7586
70792
72680
42274
69162
33441
28913
72639
68634
11229
5684
46596
29354
30902
1680
44604
3759
15190
59762
7826
54794
2760
74942
57956
84137
72663
42589
58536
87531
87223
58469
9373
61268
88465
81120
57595
66169
77696
52052
35012
59097
82108
95025
43425
70674
61106
45810
65819
69482
81078
25540
50115
20813
38387
22003
80250
8497
20580
82274
798
62408
30556
50149
20188
77532
49249
43335
99800
24343
95632
50962
499
5429
19940
42986
31311
92021
98766
93566
29163
48063
38378
60769
43351
75776
82043
98943
3644
35261
6719
8954
31660
33244
83307
16891
76696
24519
40652
90565
23019
80605
9567
77340
29836
82100
26543
92558
96138
24546
67687
48440
70176
67987
86067
6231
77811
72545
5983
69567
13251
51651
18467
59994
71059
78751
46543
64245
72994
25255
11177
79358
73457
48765
46
24940
39694
84970
89027
86442
1136
40897
89190
54449
25439
41355
52334
89685
13863
20291
33347
12147
96918
99072
86174
22605
96553
46749
74423
93290
92830
16460
37034
11048
73165
33874
30052
16856
55397
51358
18686
18181
84420
66715
22513
25819
12313
78892
61980
51536
20890
74242
43764
50811
39820
15083
12152
21941
376
29124
76824
68857
84462
25323
66291
31175
71421
83119
12675
82034
31388
42467
60129
29604
18940
25879
15363
39501
55261
29911
27721
69401
50632
33411
19940
71665
41463
13741
75910
8666
99062
37173
30016
29295
89465
89337
85222
41331
29061
45969
95899
45432
22615
36199
25347
92794
15113
87554
29688
35019
98035
40381
96732
86930
54345
7777
78908
76934
5942
41039
49610
61558
79441
94508
41507
31657
43696
51188
64743
77784
1118
71906
35532
89086
63984
79293
58303
74861
44134
16764
86692
34010
18814
9538
97476
3456
70843
15840
93045
60026
38122
74806
83211
47176
73953
75284
3329
44151
84393
1045
66934
2369
42978
33838
23262
25574
4897
20480
32580
19482
38651
97639
3578
97543
79662
6701
67690
34004
11696
47202
27271
37870
35385
18272
75937
22062
54918
67773
73578
66529
67426
3146
70929
15848
77606
5112
84204
89277
79297
65535
47962
71746
31362
54852
66698
74586
19369
28199
82061
42053
49668
40216
97557
38321
84712
23704
46671
85416
7429
2222
83992
45900
59927
62471
7634
54899
16536
24684
7379
64913
64184
19116
81595
42288
48055
14850
40182
88802
8640
99821
30782
43738
42690
54142
75490
59807
31119
31368
57343
75904
83121
92974
23659
51527
37338
41989
46757
2800
45367
62040
55395
31161
77742
72508
67788
98411
31442
72238
1710
56789
92255
5059
66270
78068
79491
43966
11253
5313
41148
38049
63523
78943
93245
52999
56693
66750
62043
66754
14703
85724
98839
76362
66962
46633
30404
91444
6677
29305
72421
32840
69935
32631
71066
62997
40531
22496
41547
44027
97569
54987
35998
14565
92374
49200
25415
96715
78141
42176
48295
8679
84794
1474
50164
71626
34853
40955
33793
91229
4523
73786
44714
20616
94234
58102
92154
37858
72358
6625
7786
59972
2572
7431
27618
50052
70251
21866
97251
88886
70387
79866
19974
27201
1244
87294
35788
25167
83253
1375
38619
62071
75120
18845
63054
68689
68799
13778
56988
91209
149
3678
52035
5650
47019
90484
48747
15871
50549
45113
41597
54479
56553
75786
23494
67522
98503
84605
81475
20401
43340
82084
29857
57276
31858
27696
6011
48589
64439
70735
83707
61609
41940
7609
35214
86338
78357
5609
6972
52007
1461
9912
27533
31061
80891
11191
53756
18767
98232
56872
57343
36436
30560
4323
22790
61014
60197
94593
12972
38135
34093
96559
21851
98038
46169
80212
89186
91720
65314
62182
41585
66818
2318
98485
77859
17180
78116
82819
15934
55444
60469
21381
14561
28238
84865
39432
25270
80258
95193
64270
27438
51785
56128
60817
60348
90545
99559
29380
41850
74533
83591
98997
74129
80271
33197
18502
19453
34876
48573
45730
51019
1841
65878
63250
81743
90689
78842
33037
81695
42289
48741
4223
51195
58322
92497
62653
24580
92716
56889
19832
99832
67333
50330
26500
63563
50034
4293
7953
53764
50140
64353
59269
50664
8607
92642
27696
26505
92784
70872
33736
82282
52761
23201
31835
27992
2356
79892
9932
74877
83124
59218
46718
19666
94732
1882
34299
23927
10910
91166
90153
80879
18215
49943
541
48211
75095
53491
47847
58619
60047
50746
3843
81886
58086
5923
17804
96190
53693
13499
69087
27255
88063
38884
26544
2344
35623
83348
29261
6147
18701
89388
93663
48494
24748
5728
71185
96214
12074
71175
8608
58668
82782
54131
79328
24568
45200
7119
89857
51015
69967
55310
24011
49432
26190
53970
80573
23165
79084
18691
64191
41423
83592
95758
7108
25604
69957
70516
1942
15584
92356
37387
56833
55336
47538
6462
30395
21182
84001
73102
55087
11901
27163
38776
62641
69465
50145
80036
28981
83126
63313
9842
31928
71817
72692
92719
15975
20632
11661
20216
65040
647
93198
6482
89085
44961
63706
40009
84527
35677
47239
85066
89667
41957
9818
23847
31408
31845
99692
70535
11041
49089
37137
2561
30022
74697
27220
26831
53582
42163
77734
69983
14722
57616
77144
76047
73392
4952
72484
3126
33567
64503
94498
35151
53028
4075
10100
29227
41431
19046
15567
80677
21098
79354
87741
4929
32362
70647
42407
30870
75412
48776
29899
63327
84461
88112
54770
83019
70154
14788
69841
15069
76527
78876
38730
60646
43540
84080
52131
3779
2022
54265
98166
21132
39344
9648
21984
65572
44561
42409
55696
37527
29102
6582
28077
27565
70472
99842
20871
9919
76954
30175
44152
68603
8917
99022
48275
45402
48029
83951
45504
35813
16021
74006
46461
61009
82442
18708
12834
90910
67226
66729
29639
69704
7269
272
71179
81060
34285
81515
4022
20314
96784
78356
81193
69836
67453
78654
59182
25194
73895
99991
1172
75362
20453
95649
37972
98683
92698
47741
95035
86337
2143
86569
86176
44956
99818
67676
37870
91977
69765
71183
46959
61436
20012
32160
62877
46919
31075
45346
78442
80973
18189
25471
37410
51999
69070
55932
21642
74395
91363
81603
34100
96512
64741
47943
97838
92329
83045
43892
68547
29799
97877
67482
35182
67695
41303
6886
29375
64470
67311
63714
652
88821
75110
84436
19859
83878
4293
1228
94544
73901
1248
30624
47738
27121
95255
31580
35043
20420
215
2299
4189
31178
66950
7105
77357
99677
6591
98215
6222
10005
16295
85502
29391
96793
15855
11137
36132
67622
72813
49259
56568
65126
24437
54168
25914
56150
4437
64582
55221
24932
13785
67336
69261
38656
44269
60222
10527
44759
11172
51509
10078
9695
55423
9354
97722
86894
89657
63504
58593
9285
89398
68942
73549
9363
16802
72939
65391
47074
81498
66467
20810
90186
38860
32250
79980
79659
72690
2726
44393
60889
32520
60379
89191
79902
87843
55544
40822
48750
2020
37370
69200
37204
94850
88286
15399
10647
87997
10958
57935
54569
83512
19217
21877
81849
76215
86303
99764
47015
89853
37653
38347
30027
22115
559
7717
67517
14331
60337
53543
93761
41856
83611
88069
68406
1540
61182
32177
67842
612
72166
20364
65153
81702
45430
33882
38285
13313
57994
73114
13362
66007
79704
9863
7640
74292
54102
486
25180
34248
68587
46358
35871
49548
33216
66541
31510
84951
79991
90376
6631
34141
23677
42364
91797
80662
581
43091
82638
70671
51373
86256
51321
83775
32633
12366
57233
8188
20456
33815
87669
28340
60220
88785
60627
5455
84583
99020
41276
55554
97449
56567
8908
85061
13465
29328
83913
6003
43009
86534
73219
97977
82168
53840
77699
40919
14245
59041
34816
5472
72205
67092
49105
37023
84970
9837
53043
3744
34292
16399
48072
17060
95821
46871
73869
90227
10671
6703
65405
91812
74018
86714
43314
15022
15761
11699
44508
821
11132
64381
40503
35845
70095
75755
84860
46680
1478
91664
81937
24932
44492
54567
39171
80684
15322
87657
84378
1611
67607
84295
45795
55548
66265
53358
83140
47485
8160
65855
23330
90756
73491
98652
39085
82763
71299
69053
84695
24202
43856
69002
25956
57477
74332
83916
74462
75332
87599
78476
7207
89343
48018
28480
40705
99154
50866
29136
50357
14714
51284
31315
72812
82431
94594
19156
66132
39239
38351
18924
25543
90816
41348
64539
3086
23186
56784
40834
45996
7130
76497
7883
44324
53587
67566
8514
8113
90537
9830
61323
66696
57105
19414
28738
2656
25727
85331
91865
54249
49193
68453
21770
43835
60326
42923
6
52365
26200
24171
61854
76280
41135
57773
12529
94852
91274
84678
30798
16945
88373
24637
80849
90044
18599
80104
49285
52039
42192
84330
1652
64480
29445
80201
88525
94486
34668
51820
94916
97641
99786
9036
13580
28163
63202
98544
41513
84096
79627
93760
42086
64169
82989
42952
11617
2682
97820
36529
81497
64902
48480
68548
51042
6412
22389
55099
25717
92353
62724
9960
37188
98613
2312
20066
68181
25079
30056
89444
98411
49169
17728
32296
39147
74266
33389
58628
14500
78014
10768
45010
32228
82828
34452
15667
11338
44157
19324
4703
84727
88012
79961
71813
97516
61133
96376
26382
96854
24372
84187
26727
63746
16741
89039
95828
9105
52980
27739
6055
77111
17432
12009
39029
67662
53598
73932
76341
83040
95370
50021
92718
17265
46618
99180
72222
2608
16106
99219
18417
73252
67395
26192
78287
56861
11798
18099
99866
59627
94328
82119
69975
31401
72756
3154
67697
67488
19825
50912
39568
28235
7395
91432
71114
84549
20475
22900
91476
51171
9300
47886
19934
53811
45468
15074
25320
80822
58310
34496
42413
57258
63566
32168
90015
82701
49790
81891
70893
95395
65616
14852
17976
93737
94739
72076
39566
58044
57273
95515
75380
84017
51600
61132
62842
2854
15796
1484
88852
61871
90897
16661
33823
94617
41210
52078
52993
93815
76991
94607
9498
36297
30432
89434
52220
70734
648
67458
97090
93162
52057
48486
71502
88813
41299
62195
60980
90084
67311
687
41116
83563
99560
58068
44009
21239
81735
90947
43573
28895
12638
86034
10943
81298
73277
17436
52259
91611
84331
80689
23193
94315
64012
34460
24034
29150
520
70697
79259
56906
13091
29594
83172
36209
9339
20462
2380
21132
63045
85602
18160
44780
59306
14173
40837
90214
72334
49852
13427
35789
75539
6891
24891
32981
84307
83494
72665
53902
52183
50397
33173
70234
11656
37317
37713
42809
8583
55295
5114
36875
63108
5370
31568
5119
29680
96494
76775
55548
58501
64126
54483
47192
3498
18311
39136
15645
68918
66879
4119
72286
79238
27969
47744
64294
12228
2910
70663
71222
89272
68764
28914
77868
54482
92203
48610
78404
18138
11169
24507
81532
42710
17674
31939
27902
72369
27878
85657
77159
82491
29870
31179
43253
55383
41826
77853
12601
63366
53138
13417
11327
70787
97010
2828
69725
46060
57339
67848
45662
26894
16175
95245
80643
2285
89769
53027
39798
63251
28617
30969
92775
44877
39177
25090
79205
17885
88356
87182
54160
86510
25751
11556
84432
35477
58274
17572
30047
11079
11389
7858
76195
96409
24549
48717
18026
44291
45700
66370
95354
38254
19597
92859
22169
53403
90330
24318
55005
40882
9477
38104
45812
44400
56535
3086
2988
91577
33290
59009
96755
19928
29579
21793
49877
37921
39101
59392
40460
21668
37446
51493
26897
41472
60449
80321
76146
73310
54878
17162
86096
5775
35400
51954
42306
84458
37791
49398
33663
83132
61850
18259
61913
43615
14205
38687
24357
17270
92517
40567
65187
38055
18450
14431
8993
80221
60787
99836
4797
90747
90700
81946
24063
16282
288
62044
53283
36451
60557
74267
62923
63608
78308
13542
48065
24902
24665
43731
95731
38100
77154
33670
4727
82902
68821
66316
87314
7568
41009
31215
17033
61921
14544
51921
48340
34837
4965
48680
21912
60362
77912
28215
48466
55516
51983
83738
54630
61297
19231
81730
38875
84141
98338
48639
79011
29916
8243
85965
98461
46111
37718
86938
30364
95078
9527
51981
98797
91373
99987
36436
96321
6231
75107
13855
84797
79926
66553
83899
32059
9339
34248
60058
661
38579
62372
20127
22078
70035
81424
84493
98306
21318
38848
86781
76189
16172
38041
17668
87531
32415
70488
85587
54858
30760
30324
65934
4756
26655
37397
21804
75188
34065
93974
42414
67917
27013
33397
52721
57136
66970
59165
73852
7536
68677
63923
35897
11474
76005
3792
65131
19262
94645
5016
51681
67614
48470
28280
88745
8193
29634
15948
35733
72317
43098
15732
82891
96596
9922
18672
24048
57708
30274
18592
65395
74632
88338
43987
28180
45418
37564
70773
80471
22855
89022
63678
71479
54453
92047
93901
931
87016
8322
87435
51862
459
42458
47807
9487
54788
1375
26884
50882
99117
36346
32120
50489
4228
57441
49657
26569
11123
99481
38097
70245
61387
54234
82522
66192
38294
95968
17424
79943
71306
52567
44095
87500
5623
39539
92472
30213
92716
17118
89775
94714
77321
97928
49293
2808
72522
99018
42009
83498
3570
69259
59863
31258
49518
10067
9606
43530
81408
4042
9178
5507
76578
79484
4562
10557
65664
22793
23599
73030
87274
99790
20735
69092
53619
40981
29920
30107
38655
61485
44787
86064
93737
44054
42595
60568
42343
35379
16677
47533
15853
1483
54770
51248
39708
79379
87862
31194
5564
88377
60590
13100
23690
2815
85911
32970
22987
51648
46752
74644
33248
29846
99758
65574
24476
63443
2863
59759
11814
4062
7412
82109
96715
31423
75907
25909
69798
96706
95903
16779
23583
3280
20482
45134
80446
98399
29999
86994
38503
14753
65046
29491
78025
96759
98989
48737
26840
4076
36538
97683
58936
8103
11660
89671
84835
12775
26372
61424
881
38819
66249
67863
22174
97080
58728
82316
10790
73820
44476
18815
80520
10028
32264
74933
18245
49691
44440
94681
7384
80592
24191
45474
37639
57318
63080
76302
79707
32243
11630
57983
81906
76966
76391
87153
84539
66875
21310
5451
72139
72415
20794
91445
53916
93806
376
90280
47857
80693
98741
14362
60382
80296
43053
64163
84585
58331
81469
75853
45159
37713
39236
83336
65700
56004
89545
17018
66335
24174
59162
3165
65017
84414
53121
62346
34720
7986
6672
65479
36235
61676
14565
30719
42967
56168
98992
42470
4672
14389
63828
3100
65020
21619
65436
48322
7147
11491
19488
45252
72931
60021
82707
50912
69652
13166
15674
78243
83181
51754
33258
38964
72787
57975
36932
21987
39853
70257
52726
51453
8753
34764
60123
36943
69904
63093
81981
75628
46569
95602
90455
80437
2815
25646
99603
18232
38132
33710
17671
74358
5457
28709
36467
74736
81750
47232
50166
74328
84754
90709
21024
67053
45869
29181
19629
61829
94343
83150
74012
16592
63953
91297
15942
19615
28275
77190
51747
78363
75832
2255
75751
30619
95048
51871
8729
30256
55686
47371
46091
97011
57858
3131
57617
40257
19647
76453
17542
89687
50584
10952
66002
74639
78674
83319
65780
66756
51828
73428
59733
98524
93620
14200
34844
43571
13802
65251
28257
2469
16773
27989
32169
69500
43156
66342
39399
51793
28282
53732
87205
64377
73388
37369
2250
69803
71907
36417
95441
367
49598
258
29544
11546
52886
61770
8649
51737
46371
82938
21308
79695
24698
76070
4301
32311
92956
44580
67951
34759
74617
18578
99888
16420
91312
81209
63743
75118
85224
17674
62418
33685
30904
71067
74840
78994
76769
57193
83645
49632
93678
21894
25923
87525
84794
66264
22860
61497
70151
67667
8649
20497
85707
73873
64636
29150
61301
98839
61251
53520
33343
83129
95245
81175
37897
60384
15763
14071
16340
2004
40822
28975
80639
17739
44240
59488
40212
98420
4849
25175
16359
97270
20153
79959
12430
56821
70763
20768
44450
63346
96526
11740
44909
71023
75136
75700
45786
18983
16471
91927
32151
57301
53507
94325
8994
60155
44959
30589
24147
36275
65552
64799
29277
4461
1943
99644
85482
16917
82996
40193
14892
56369
96468
5292
55793
23147
65184
91570
21995
15661
2802
53599
74749
95024
17075
9140
69622
11788
26293
66072
42051
41350
28900
33544
77437
43803
42705
64729
24635
79347
71015
7483
39044
36589
29923
77022
76862
32768
64468
24897
88033
8842
91100
91624
30487
22940
47086
63028
87713
13976
42300
97169
77013
41579
60638
10166
87431
56693
99830
10143
79700
98556
54452
90357
80283
1285
39023
51885
5990
57117
50729
31673
3246
70041
85533
71111
40914
76393
70612
28432
66159
45415
52578
55452
49596
86512
26504
38611
91600
63113
5242
30565
89287
32790
42193
72100
78678
32519
81656
56939
33596
46354
63314
72127
79368
50554
8670
65788
17169
30159
82845
81656
64508
37946
47756
48032
27808
1941
87020
24742
65207
97911
54231
29360
80794
81117
16538
12338
40981
53647
60652
76871
154
58236
2145
55662
52738
51831
52504
83974
71640
21841
39977
33735
29438
75528
43517
82045
78960
13478
20409
51326
59352
36091
25193
29120
27394
62141
99577
65202
59530
1005
70412
57505
46308
15335
14605
80597
66668
15099
53094
5538
89286
93873
34780
1889
58289
98769
25820
40366
9428
3580
66307
50323
47887
96561
32343
73268
68353
17122
51262
92096
70092
70152
63806
99406
60286
3308
8414
25787
16954
88386
89412
78256
27183
34328
98775
607
19748
61941
89148
1838
37385
4400
45920
70470
217
71163
3070
80711
97488
65539
78685
18048
58180
16275
39195
61500
2022
16135
85726
7352
1487
80166
12534
34582
66402
43535
38504
6143
7702
97810
19244
19570
90362
36601
88942
78155
54222
96214
70487
89279
43203
96259
15117
84749
80176
55286
73601
39388
76304
56348
92338
73627
2783
54228
41892
20458
68683
35966
74133
79100
59369
46243
29423
1902
59686
27119
59318
85633
47025
48332
2303
40202
48597
8446
12211
25919
56864
90774
74013
15576
46412
86287
8106
95636
25277
79414
20627
37218
65044
52472
42504
81663
81056
42504
50840
39002
25309
3327
6853
60427
8646
11716
30300
72580
92322
40689
39524
65040
38915
63365
78394
4459
77067
59556
4662
34568
79947
88207
3829
35970
5710
6013
23380
88607
93882
77461
80365
85579
36698
92132
98337
48455
10968
32859
49270
45373
91104
48105
24897
72275
73436
45678
54602
57074
9179
2437
71173
12529
23554
19871
20444
620
92386
50215
29696
90824
57722
64510
89247
86125
91573
11186
99523
58151
55891
35117
97059
91671
41985
53869
59286
58692
42107
14629
12723
69415
95543
39639
71149
94773
44885
32840
81095
41619
33017
34100
81319
70370
88058
86720
56515
27572
88912
46420
24535
95668
21711
13192
11002
99385
1203
46795
9530
9723
98814
56534
13200
22481
64707
55710
46534
42279
62602
21496
9149
28845
1755
20970
56662
1435
20788
65155
6269
71808
62089
1374
20181
96789
92553
36769
80644
90346
21655
34659
27482
25650
25436
93953
20592
78466
91577
79166
95132
52247
23818
47364
85083
35055
90211
82788
55258
92736
18970
47821
97037
20428
44635
90648
76053
46393
25815
59360
63302
58360
25778
6178
35635
61005
32344
13149
32353
88090
32300
96513
76977
77521
16872
57437
65061
44850
76003
568
80737
81284
81158
22412
36647
78189
75984
3736
80326
64718
69847
98747
59717
78486
33132
96741
91768
60746
6508
27496
39730
82171
73501
48722
8636
95511
65951
745
27115
86137
95905
82625
94095
59293
96629
65471
90383
1211
81395
16080
51155
85436
82313
8048
10440
21207
51876
49412
4944
5
48601
12847
11109
6722
9301
49960
77495
42925
8035
96117
57989
6495
53683
80873
63671
98537
23392
76185
61117
99636
87016
18363
13284
90918
85933
16319
76401
3287
74926
91913
43252
46752
84505
19741
77886
64375
12033
18143
2423
83161
89890
4393
76274
34419
80360
87283
48544
73939
49209
48930
7115
46581
92282
5800
93871
62822
94019
36802
84475
3509
79049
54171
7244
5366
78998
26111
10608
10300
3177
45718
96359
90494
73644
1411
59005
7140
25773
18682
19318
36721
50089
59984
40487
74449
81207
43893
6926
7838
96555
42722
75453
7494
7681
15747
27210
33869
16059
9362
407
40197
35838
31209
12245
47833
6978
11592
51341
73726
10123
25899
22221
20834
18926
51107
78066
66328
8011
22447
9274
41787
50971
92045
29824
71190
99801
28340
85162
81922
73094
26962
91209
38823
71921
52297
48226
16975
45598
64315
81936
64945
99931
30706
59402
57842
57124
18787
68195
14322
97403
13051
37453
24055
6490
39708
8021
6441
93279
23665
52389
14394
72418
18746
18586
53148
49481
45958
17340
30928
44409
90621
99310
57263
69672
54598
59912
80198
55168
57244
66992
45503
1081
43185
11260
65827
26115
39776
30021
7966
44252
92948
62783
64006
45587
31029
47325
9926
74071
80042
13003
98824
93061
73880
77283
8740
73176
20744
4646
90249
25082
64535
38645
95568
20714
64886
4914
7780
37574
7058
16850
4443
33014
7877
75097
23798
41062
67113
95035
19241
39873
73591
80883
92829
51367
22483
67061
35003
93328
71317
42331
41739
22095
2005
21398
17571
8123
72772
39401
36518
77083
54677
32660
66930
63040
24656
85925
69712
32196
4229
71525
84395
14203
91209
23240
78730
1991
71424
70995
85490
43951
61372
36891
99132
45320
9740
24775
90407
63919
30992
18386
59462
5129
4124
54114
64684
86580
48045
5169
94729
79687
71792
6921
98033
32157
21056
76025
23999
11497
89523
76908
79322
94165
67855
49878
55554
58021
37035
41501
67043
73369
77406
22480
72976
68589
63188
82363
19224
99808
83855
28849
53165
95569
44584
56875
16948
63607
11225
28525
81152
27657
90753
79693
69512
20810
84427
4294
9011
57285
3775
6667
59578
96816
70559
35818
98560
57489
72868
39386
64226
77001
64101
13106
65334
85921
4374
78966
38408
58017
93948
7512
21646
47211
65550
45023
93880
32857
86283
80510
47004
79920
63734
7783
77553
96474
88390
65971
74416
37899
29604
28188
17755
72860
35004
76499
29753
10954
56628
99818
60992
58376
80993
19084
34020
79079
34788
46094
87429
86813
33761
34870
33139
1039
54699
13632
69594
92639
61617
44972
35760
26425
16662
97011
83681
86127
7051
47669
78921
31587
71252
98236
77119
41963
95837
26247
87318
78317
7961
6444
6406
43817
54612
40825
95380
15973
74071
80018
58560
63115
26813
26944
1693
96275
1891
1753
74944
41667
85100
85991
74909
83258
59946
4330
59846
53350
66627
70008
47553
7789
60996
17319
51881
9568
73986
12995
976
35380
13097
7849
18494
5802
44619
23999
11568
29006
40030
25867
49195
13761
91656
77724
26335
5906
94909
2461
59163
47807
59251
11911
33293
81332
72048
24048
26366
38812
71883
19530
72832
86641
52758
74863
98664
82442
87672
43754
57636
93060
65575
3330
78294
1369
78381
1383
43204
78789
6392
3973
19835
58637
699
57542
7083
91192
78896
13170
13141
35399
61383
2857
68900
94160
42723
96080
31719
54136
60666
41108
3367
81054
81268
99980
43906
37886
97605
10139
7762
78898
3237
58832
1819
80561
37851
79122
21396
44735
92784
55845
42334
49790
82517
90538
76347
40721
78935
39162
47774
9147
78245
41932
30924
83392
58130
9815