25084
90427
75451
88788
3383
98384
27109
71897
77225
148
2086
89044
69735
97653
35599
9705
83850
72533
84081
78157
51395
72917
72039
10038
26581
53712
80219
87462
19796
91179
57645
44950
41481
38355
86195
11107
56633
36470
83020
66464
80610
32212
20216
57358
64220
74456
22512
40846
85881
15570
89757
90227
82249
30286
87662
48153
19453
27375
74996
99039
75372
19885
72381
63188
4775
45158
93267
15330
89658
17464
53877
72341
96830
86102
71756
76833
10723
93533
78549
72988
61218
91754
33825
21440
50009
96510
42341
20640
47836
56651
17852
87615
4120
77917
90485
50861
36189
87880
69618
87857
11029
66099
30674
64019
95734
16152
23203
42202
92156
70636
93812
54170
77831
61737
86580
63637
63659
89580
56805
26533
51514
69364
90365
1824
22127
51672
22897
37125
27726
15102
8958
24011
82751
75168
32684
35402
53177
94262
19003
74949
46294
37624
81967
863
29052
45254
29877
63761
51228
73679
43161
92666
4907
53237
69084
97741
56271
80465
10283
67773
99147
25948
88359
70569
49294
80603
81497
10309
19435
77154
95794
27916
13799
45716
39252
61740
56274
73525
82138
80400
91678
50279
26708
27886
54513
59712
70974
44971
27558
58430
22104
75567
76466
82247
16887
52794
43634
46905
83699
39543
66695
86927
29730
47475
18143
35413
63453
59947
72747
14026
42140
72501
29199
56766
44603
22769
73943
52563
21653
87397
43388
35200
68063
11429
53436
89378
78693
67608
7712
79899
39303
67838
12773
63214
75466
19723
99385
40122
67322
59212
69323
51320
5142
77429
73420
57044
21594
97353
54474
83607
5060
41011
4298
1083
34494
85564
21160
99656
77182
14220
32104
60990
77458
88726
49001
31544
77262
2664
86156
94351
5864
76629
22720
85371
50212
69272
47461
22139
87496
21204
25957
88088
91408
95080
56044
65927
71070
58807
55106
80608
72857
20226
8326
3232
92130
82405
39403
64398
48016
17494
61336
64445
42117
55795
81267
32407
28400
61490
81945
96339
4478
59627
58728
35577
24931
23351
19387
48222
21675
84270
11838
97860
91238
48982
52028
99787
87084
12166
15868
76500
98674
91188
19594
93161
68601
85588
40039
62388
53171
3115
26508
75228
85292
58462
53659
87945
18942
29923
58014
67153
69258
46805
61754
2188
53916
45838
84224
82072
4773
53033
30638
78518
98069
4177
27740
46731
82616
63949
77944
94158
69767
9911
28569
28639
86672
46277
50646
4693
36720
17405
31067
87368
59702
18653
91562
85588
50214
63607
84413
76169
93906
1521
28592
10578
16192
88453
56502
57176
14477
9810
20599
78380
30410
90943
3646
1160
83775
79057
99633
608
63916
72800
83969
31185
60325
66763
73298
2574
34771
62259
10609
14513
60956
96167
78931
64334
454
8224
74414
84488
99738
13388
49620
91765
89565
79159
87655
35212
68997
64842
46781
65620
58623
40021
49996
3192
4730
20892
59344
39048
73697
86852
63283
24678
93117
19043
98949
49960
15605
40737
66248
46298
12005
68991
61240
56709
8110
89418
97819
8694
51252
79607
99294
74372
54538
35905
67168
55080
94469
58536
42118
13745
94258
78865
24405
4053
63150
37582
35304
62618
4254
3191
18536
97139
10044
15952
56759
42572
94528
80065
99974
73862
84102
93387
10583
61790
65760
94335
63987
75231
38920
32142
31437
64416
54548
15860
14927
19436
86159
37350
13241
13208
79418
81980
58059
2764
21266
73791
91623
31963
34503
76431
80431
80433
88329
72339
23757
82409
96757
50403
33804
37201
51269
11722
85149
83075
68224
29946
66556
79491
49818
7092
93175
26773
9903
30128
65251
78600
41118
23129
17586
33315
27216
36139
87531
50946
91849
15395
27481
15467
8432
32862
56024
27515
77633
82829
2903
13552
61310
27378
57323
12105
40390
23572
17312
20588
25444
1858
93798
44310
35587
53913
75876
55167
65474
86591
40844
32842
12443
83481
77997
46388
37554
46604
46734
92351
55283
2026
63250
28378
5854
15005
39459
17457
95794
99012
40880
80758
25032
82011
91260
69655
19812
93680
55847
69301
46815
6503
22358
34219
23026
37534
92299
75663
62526
54612
82041
70037
96247
49113
78826
67248
88699
14385
6644
62973
85405
68729
83767
7775
77042
3256
5127
37313
75556
83013
70757
56887
39433
70105
22637
83467
19974
46127
6318
94865
30984
53564
45317
7992
97078
45657
72350
63605
77509
84388
2751
29763
39727
34753
52412
25351
79576
26054
50204
25999
43663
1145
90377
82946
12615
98404
2405
9221
99653
96009
64796
36499
36198
81102
16487
92740
26083
52114
27676
5810
2150
82462
47283
57566
76277
92378
19686
75478
59009
63554
17334
8992
39355
63138
43658
46040
36276
1087
27266
85415
19116
31126
32856
91713
51035
13788
17205
97513
27698
59800
57158
43165
47168
59863
80847
95443
13715
47345
85220
58609
76005
40364
82245
23229
24453
35058
11081
31499
77680
44147
5791
85986
75400
23010
53486
26898
46063
70081
4974
4935
57939
11115
70303
10130
45311
49901
11440
72412
77884
26721
85398
93523
61034
83941
10892
77155
60250
67541
30471
75780
66303
38968
73705
64744
73186
36137
39165
59320
10288
65864
83275
76822
84784
38847
15937
36338
41055
59507
28706
34573
96517
72060
68809
67148
98440
58513
93822
22864
39286
5473
87654
48203
28397
63315
61885
87860
77792
25311
80081
84643
22481
7354
73583
62673
38459
15704
62193
94760
19224
9279
72806
52764
14453
30388
43010
73715
63789
97293
31982
87517
69447
84032
11124
6925
74840
41857
10036
73971
18064
41511
48273
44454
20549
74044
31211
69599
99353
19994
6039
59533
48185
35217
94897
92779
43979
80041
25261
83815
4956
3641
19063
12953
5646
79014
36534
84534
63548
48217
87465
41238
91222
77257
30564
84112
37330
84281
11172
20352
21113
25208
22470
10272
13329
72991
39870
46846
39749
56123
25057
5927
31679
28855
82934
67774
88988
53481
81021
18451
85727
9218
46957
42649
9523
8346
30165
73472
91773
18322
6830
36118
89093
7350
8128
99241
78284
68005
9738
94257
31398
34258
91645
11552
26840
4490
20175
38812
24977
91035
15583
66429
48527
48536
83058
23347
94970
79668
86895
88991
71427
57999
77822
51612
47502
97123
51007
26261
52822
23053
52577
15304
98331
1561
46797
33751
19487
4470
57306
43555
26862
67760
94269
82667
94390
73
54349
9080
66436
76258
448
42673
58554
81071
39834
62696
99156
17689
26390
91609
54773
14384
7761
54339
5730
71627
70946
90583
65545
4860
60225
14311
49918
53697
72140
87518
46650
80660
79310
26683
64911
53109
95777
19654
30754
40380
67115
36129
38338
66328
97659
97364
43108
17353
90894
42928
89163
5709
98066
14493
10572
26856
42024
81676
93144
63088
76069
57420
82006
23538
32711
17431
73075
3354
94571
88665
95099
91296
34685
65538
66597
438
9743
44292
26023
41995
97374
92607
58277
28565
28751
79152
25089
21909
25556
74106
67997
2769
80054
4876
11083
4153
29039
99344
3168
99125
98545
16860
64186
95658
22759
28861
49120
9107
54812
97222
30489
68881
74455
37838
51286
73404
322
20187
91652
11253
99833
34072
94329
30165
97611
88891
83664
17494
84606
43161
9461
19538
19577
23161
41459
77316
14883
15072
45077
13866
54240
5545
93817
2019
88005
75442
38749
9763
79468
73503
59479
62764
57929
59978
14125
98011
23547
85861
29751
92153
10376
97562
50357
98340
31053
37872
83407
54178
93511
51934
31969
22354
568
36187
46902
52156
39772
22894
17970
79870
62436
87482
33570
31708
74186
41461
33712
83044
84971
61590
38925
34779
47919
25277
57942
68637
92629
6366
97126
5838
62106
71205
8464
58968
77825
89166
42951
18601
57757
96098
75372
1999
78914
33087
53737
68925
52893
4977
48128
23723
89801
14300
12818
5452
86402
42488
68785
5511
93278
53152
24195
31762
17344
23582
15085
96038
8360
18637
98942
77407
91224
75973
32722
8137
43349
36711
95801
89845
47957
82874
3137
94806
70039
35664
38475
63138
54757
94620
26824
36952
57339
50592
24808
79749
78612
68574
97723
18512
87132
6058
19725
47437
84745
62250
52269
43273
13486
69143
48511
94827
75600
38001
51716
810
67022
3802
46252
5885
62067
85967
23554
90321
96304
95278
13283
48980
58563
38341
9089
5859
22070
29675
92173
83417
33
94074
74602
17672
37134
31368
79277
54399
67854
90755
33263
12768
21697
79082
12588
50890
35436
33035
77980
71739
24085
19736
60241
70271
39141
35933
36622
79536
79032
50035
87151
35011
90728
50408
1723
61511
74194
62911
31999
54595
70511
22923
13098
68406
25661
45611
55289
81424
78081
45496
32935
55795
50228
33369
36830
62320
60385
66179
59851
6075
41851
80561
4325
58033
93929
94783
11344
56642
89632
54033
65686
94187
52598
18455
30543
93533
79978
70510
31569
72121
67253
93519
98054
19298
36277
29784
23059
67856
19555
77937
44069
30486
8524
98889
61837
17164
54455
97701
38641
38580
24050
24924
6865
67729
45210
23798
93802
84665
27073
35115
98487
65219
85771
60939
94853
5798
96648
47190
62428
4277
11341
36834
25557
79459
26430
70270
72468
80319
82417
81104
22021
62365
94617
87545
52288
28750
17998
70544
68289
68226
54016
22709
70919
64750
4000
31483
60844
40877
19426
76883
67638
81984
67762
7667
92878
79535
92012
36080
22031
92760
83594
91679
17763
93561
71541
33719
48737
80234
49001
27622
29101
25869
35266
35095
37215
24250
1968
34848
94930
58876
80965
78084
22452
59307
14993
8693
40599
36395
61220
57719
87651
55629
82287
65096
64292
32151
51100
42811
77340
20802
54876
49421
60429
38830
25696
51908
69980
30437
94002
49081
11313
28610
49001
39348
38650
66194
4935
94041
8823
51534
79927
53060
3400
42413
42265
84394
97330
52759
78466
10430
43870
42812
81975
37109
15766
36501
32631
62630
59085
43640
2483
45859
35842
82549
83477
71124
57506
23130
54634
30547
57287
75378
81735
45232
32925
54728
81803
64281
50324
24765
90405
15540
24996
87666
63457
13170
60824
22664
23491
22146
91539
29514
25578
44493
26524
5982
13135
94121
19306
22509
70436
48661
40211
29074
90601
4490
75708
49114
62935
54750
80105
12938
50494
46446
16516
31763
98479
79824
67033
4026
16322
89035
28492
29652
14838
7344
91444
10235
51531
78171
17964
56112
75940
20494
44855
5078
45034
73328
53636
80188
56253
84750
76317
9716
6530
57703
12178
2829
33946
68606
50142
38085
75278
30528
17570
65662
46185
27435
84236
33943
40028
9288
76276
88752
52426
27057
18995
72986
46609
6279
77293
66890
84041
60032
66009
15634
15832
71564
76458
65590
61437
37025
57906
85332
17587
15608
16626
71639
27658
26054
7158
26109
40961
57327
94350
59852
70413
17222
78987
6491
21501
65444
59796
39905
815
17835
51278
99820
13739
46557
20695
78274
58201
42751
70451
30963
13226
44633
8707
28922
94105
60021
69421
70207
86572
24273
75087
45461
35413
98890
7629
55307
89354
93415
34279
22410
47655
10344
42284
33682
76539
4080
57451
76680
43830
40203
46778
81896
8324
65243
74797
25230
603
33185
68858
56983
49256
62085
68044
99348
94081
89851
75960
71278
94131
92342
9170
62749
54442
97131
40
6360
55862
30267
27588
99896
49419
78065
5522
77689
22518
47748
80895
47813
93847
38527
8751
16462
21543
57754
15331
89085
55435
38107
3262
55461
7671
97127
32439
43651
92537
11723
15473
16298
89235
56758
12156
85466
49603
74344
22551
37969
63697
48012
42602
51199
29098
56126
57198
86729
12900
81780
89421
4687
5543
53485
6574
74741
70348
9972
49648
14566
60002
12521
65224
15296
55456
3224
37867
58421
17272
77233
52902
24517
3098
16237
95624
13531
71006
71551
85102
96117
57493
4425
30523
22396
19605
71820
83932
69561
48943
5580
61055
95579
48291
17704
57395
52774
5359
5407
2397
45406
74635
12733
1039
99101
51871
76969
67239
11217
84534
77432
15217
54490
33437
64843
26601
14812
8088
21147
1065
69920
20000
68800
40062
62689
55080
9699
98125
85207
46909
21648
95735
5166
34328
52742
87393
84915
99954
18509
348
52118
62429
92837
42436
34866
99168
15654
29647
23010
96579
41053
37865
77670
99877
60861
52820
68545
45309
84537
8246
32822
68182
3690
35777
43412
42137
48764
17818
15306
75112
62836
91183
17553
51704
57497
99801
55811
53327
65992
31055
72251
54556
33773
55018
92185
98174
34103
90113
74827
44179
16027
24145
92685
94543
94076
73094
54442
7143
5993
42299
31705
83536
78495
17450
34701
75656
15623
73204
90377
45480
61473
76571
70713
44760
80032
52224
83750
51672
89807
29315
53933
31913
20274
59127
62250
31978
15986
49601
6843
67626
71622
13796
79958
24925
40566
64250
52496
24303
45809
52296
84299
311
31601
56384
63032
34811
53288
89649
61080
98263
15922
97641
18489
85724
53281
17780
33780
36801
55765
2955
13673
70199
40920
90767
80408
86777
58586
63659
88804
78508
66599
85263
79002
96249
66022
75764
70533
42346
22478
26987
9313
15742
41817
99293
18027
19589
10971
61282
15548
50497
8744
73425
65608
21520
84749
25029
33970
85192
50877
70036
18661
33356
62044
25727
67612
65570
85271
78377
35564
31417
40951
98557
64009
10861
2847
16452
53567
60343
48602
94805
93487
11753
90647
460
80647
97297
49911
43896
34474
54181
80822
3830
70245
60150
94558
59149
91325
45422
99662
74997
62065
93910
98421
86965
99269
84081
95880
7939
99892
12196
45049
63621
57533
36607
6027
54331
45175
42760
20690
26789
5456
50043
25107
85613
82975
35859
65804
35275
82591
55479
30117
87206
40609
30928
51201
31603
77568
29329
93048
78101
65596
77683
39658
90221
70158
71589
55069
60203
81050
61794
40739
97805
16555
9727
67638
71756
68950
55684
51152
32141
74081
59925
76464
46666
84551
75414
97890
58787
79116
36333
13218
40399
98670
753
94711
4066
99038
50514
56800
35305
96953
96285
83931
67841
97379
32853
5985
44122
42647
27500
25799
36588
17431
4868
24382
70413
79447
20138
6457
27050
7968
71940
75259
10554
17645
96150
21090
77528
57343
82249
66817
91611
75544
30653
45184
34136
40417
62143
3706
94512
41985
29015
6466
81402
20337
55901
89300
84681
71846
99231
14123
76352
5051
56864
95978
68544
20531
71935
84930
41178
93057
64557
19579
69124
31812
73875
49511
2150
3730
80125
53545
15069
27502
22358
7489
89652
2372
26564
70511
52916
91279
55536
82126
27731
39775
5450
9981
11896
16966
48922
32171
22696
76352
18243
16064
37783
1053
18179
78638
68421
67581
43654
54325
26501
93430
20703
54402
15299
53351
88856
73690
91300
37931
41770
60763
96913
84145
67880
62742
45088
64712
60408
21323
99985
97613
56920
25441
35990
97603
21448
27261
45076
26463
43761
26368
51295
84570
77359
99720
44448
73986
33989
12142
92321
74075
77354
90462
13579
77760
83772
14013
60779
56577
30328
86544
66187
99133
60827
89242
87106
31838
60285
23501
47354
92755
67549
44110
83302
11047
48217
76612
26884
8053
80042
12107
65283
11842
45764
37179
84140
87869
85930
18836
27459
23817
30631
52259
80856
93633
31489
43453
93476
44289
7054
30499
39761
133
95461
63231
11762
34104
35879
28095
9665
4140
28020
64235
38816
85025
62234
60977
93875
93431
33873
33814
22145
19901
34444
55243
99458
58242
720
51269
78421
259
45865
32
74063
4288
89656
24965
86658
22350
91569
85741
60111
67013
60581
98553
72059
64318
75625
1244
12658
21141
21323
72127
4435
54469
12992
51342
2879
51982
96900
32671
8640
24152
75893
76981
7942
29698
549
22625
99943
79892
12967
57050
25409
38783
95094
58640
3900
83441
55830
3556
16291
14479
68384
15332
2334
18249
72490
95653
39290
24093
64747
64001
49125
82217
64607
72411
430
9687
30519
71612
40838
3139
26950
8516
6632
60743
95699
93169
21342
37338
83094
34754
35071
51835
46496
28951
25593
70183
54709
73972
95938
84826
46623
82197
70248
86674
83759
28831
17630
10406
26458
32369
50682
89304
55470
66999
53859
448
88933
97954
71253
97861
26882
81342
21523
73412
45269
79546
82641
9320
75100
96730
44916
50602
78955
91989
28728
73229
6387
83141
67545
49927
3959
26140
68912
62463
40994
74127
45256
66258
50936
65423
8884
17393
8086
36999
66716
69049
82476
13661
70881
95796
16546
29368
15859
99425
71955
84187
5406
30604
20993
98459
60068
65801
59459
94085
19627
39328
40572
29218
10486
74975
34427
20879
46093
97697
68483
47444
58672
19232
28799
92024
68731
31539
85971
30347
83841
32895
8222
39026
59172
9461
36599
82968
75127
23052
34323
27076
23691
19458
844
999
21718
64507
30058
36507
61908
6864
71810
9357
13145
43465
17808
16704
12312
87074
42331
79262
57230
58018
38800
20493
24062
32296
34541
77581
73145
94658
89518
20192
4824
75420
23938
90171
88439
61960
40362
93206
92250
78799
38062
25114
37933
20754
28987
50089
55750
87699
43210
87429
94681
20594
59846
9246
88809
32651
89564
15845
97004
49665
81786
1150
42549
46227
69154
83909
17358
29033
42829
61594
65200
29309
13657
74554
32255
95982
89182
39639
80153
82431
31497
57796
47189
5518
39340
47286
19683
79240
92345
55093
53243
38653
87197
1584
51156
93682
44359
13818
19811
20014
88851
12842
9933
43966
20083
94589
11920
89403
96785
58742
64707
7623
47203
6838
10530
17
29754
26173
43160
71691
67146
41843
34131
18676
62413
3576
12979
67757
83742
37977
32679
79920
41699
58634
22136
54604
25196
8329
37720
65181
89601
35635
69970
18288
73554
63441
17327
76498
58380
27694
25657
80754
78471
75605
7673
17627
83574
24590
53796
20695
27795
20730
56197
2822
19423
28711
4535
58363
57465
14253
74853
87051
21095
14166
15256
8639
33648
5202
65248
92546
22278
99314
33196
79760
15467
56464
33352
90589
29018
28831
58575
56227
13678
30371
71077
84271
27519
19953
67705
84205
55445
95614
4886
56890
8442
84549
42684
96104
37059
76603
14208
2302
46297
2
75787
76228
25770
1762
69113
44360
72125
14338
3936
95514
20382
37142
67003
81676
17974
86611
94579
77481
15729
12288
72864
63653
43342
53514
92305
33503
83639
4675
30776
93868
72877
17006
16242
38772
13545
29623
20815
15630
98328
41866
95069
90794
17628
63408
40908
30802
18385
665
13770
12384
99133
32515
71880
64917
10309
20078
22607
18907
43000
87980
73602
98624
43185
91308
59742
58590
94926
95162
96533
23208
99467
15824
73463
58832
70573
34904
17563
18632
5181
43632
98191
84786
29226
82706
52788
9511
63557
91768
50117
13372
56859
57512
17903
56957
30726
8926
33500
952
81188
47047
67253
8426
99904
25902
3914
75188
47615
87568
74413
83568
59460
62554
12337
14458
1279
9594
20886
59475
40424
11393
42048
6903
48090
11805
1127
14844
18711
88162
69989
32576
20023
20672
75274
9013
68139
47544
67433
76233
14241
9081
79433
97507
68827
32347
7260
30
29827
10944
45334
62062
99562
43225
83056
61988
78691
96610
2812
54885
34666
60333
13278
16048
13402
26709
54599
53338
33640
54033
66762
31589
7651
3332
15691
19155
3612
78409
37295
57480
58616
16660
40058
63731
27578
35631
34125
22042
35870
94770
75377
46171
44702
75726
1269
42361
12196
7700
73197
5771
90858
83946
43939
59633
12849
33165
19846
6085
56745
41739
63489
85732
18891
4691
95620
53920
19942
39476
49234
45375
79593
50593
89061
75979
60093
11024
8320
28012
49177
38665
26519
9050
27163
52635
22944
62919
82866
19874
43289
13828
73291
32316
94065
49891
52347
44614
74794
56715
33812
34661
57301
40888
67867
23952
32240
81914
28688
80883
33847
28682
23953
55435
89144
66630
99367
56421
19719
70864
86778
89382
89651
40787
94341
47016
20003
54498
62329
5780
12072
60782
72834
90493
51124
77189
95
24857
87378
85297
53175
41322
78090
72617
99179
60425
91011
88420
77005
51880
89887
13636
71188
5808
49050
61275
8003
76840
61408
83590
19112
80145
6808
79956
85455
23725
38905
33499
39572
81828
52814
79596
9678
59632
70028
98801
86447
62230
78198
97554
10955
97003
79555
68999
99775
64255
79879
88149
41148
88083
69604
55068
15275
76044
84649
71559
33294
9687
29267
40711
34228
37121
832
20407
84871
89135
88575
34582
63036
43525
74809
36660
59893
59059
58141
7266
26804
7781
34485
96965
34966
3300
84601
53978
88522
49418
99815
60109
38957
13165
23147
18702
51366
87116
91094
26627
13829
36297
86415
13920
14316
15550
96248
88910
43808
1365
96264
84131
69988
86290
29085
95833
17392
99131
77793
14139
9050
57439
89390
51741
8564
96065
97592
15071
35895
91149
82362
68671
76963
11015
16623
60376
26789
46777
58608
65988
61311
26548
17715
85627
45491
4059
62455
49957
93931
57330
94417
89625
22821
31109
13608
39076
98031
29544
56983
83127
86411
4252
36052
84086
98877
51581
23697
54185
56487
19091
51932
45152
32527
55610
22231
64412
95133
69035
32322
79566
73528
36299
57680
26039
69091
28042
3435
26685
67796
37337
9668
11707
64774
39407
11295
59769
62767
83070
94595
41805
44913
9904
26977
67282
53393
7661
8040
38297
41374
99330
86896
32681
45104
70204
14996
21040
28402
37354
82679
29911
1526
80646
88927
49491
57174
28541
43538
24804
29975
39134
96169
86094
78381
27374
81991
15460
48058
36555
72885
66548
92885
72487
79417
20679
69115
93702
45573
69289
34136
8744
12820
90654
52209
57064
25820
23487
67885
4021
1971
15924
57878
42564
17461
58931
75723
46672
23111
35234
45842
6437
10699
3720
37850
39163
39156
38755
36279
40603
25876
68838
34425
45761
46755
59577
16397
99883
58699
96956
94312
16305
54974
34503
41085
19295
2153
78717
38168
42960
1742
81674
85071
91319
44875
16208
90389
68057
62445
7822
39806
12949
6422
38395
63492
51501
8001
78642
92493
40264
539
13705
58837
27691
7789
95741
83544
14277
84177
12188
33496
38676
23655
96531
11258
10195
27060
39908
9751
9453
74366
23115
67258
93479
79839
46746
20547
53562
70112
41835
69454
74427
49367
69884
65124
36573
16700
35733
13991
47312
79444
74204
53881
66048
78629
61717
95547
89974
39084
2677
94170
70695
51100
50464
48715
96840
80677
41314
40993
80132
31069
20564
24132
87313
13459
80014
3819
10980
40677
92422
3330
67416
7273
36414
20271
82209
8199
45740
22838
15861
59050
63062
38108
35573
79553
33410
58788
17786
43369
60691
84270
73595
31107
7706
39695
60468
88780
3185
76975
47011
26062
91069
62844
52445
14025
36960
36814
94259
20146
48843
29144
99470
42832
29316
16120
42057
46125
94162
89475
22543
59161
29875
30791
781
39057
86451
63888
33613
34460
17117
3492
27010
76069
38994
35946
54088
56413
56220
90199
21535
63328
18247
55183
39758
89971
9531
7786
46607
77871
71356
48395
28071
98261
16241
26385
12382
31575
32463
58780
20087
84715
87074
57449
35257
47435
94640
39332
51172
50397
65324
10494
27878
96437
74138
3419
32575
78105
81312
50441
44034
23653
13591
28628
21497
92843
63347
37265
14601
19226
19050
71271
26560
68703
27732
37711
84763
28279
82241
96046
61222
17539
85502
58772
76819
50877
58966
2283
1818
20116
53064
18560
11725
66213
31258
79461
70666
65967
1710
70819
52383
98234
68007
22749
61508
66490
83721
64491
43737
15162
58629
74600
92374
83668
85756
79346
89456
86964
41595
7696
37097
17274
60673
17095
8947
16987
14063
26717
15877
47761
16798
4743
16138
64972
2702
21229
95581
57477
57165
39165
70826
75227
43463
3233
32286
55605
70379
55357
15960
41442
14595
26961
74416
19979
13219
72135
55394
74804
46545
53566
88582
32001
36492
30340
86782
93703
27786
98265
32153
40779
93172
52796
17723
191
22416
81762
44117
71105
59960
45287
59926
47886
81689
87599
47552
90100
95250
11135
77043
22932
14359
9422
48830
52182
63445
83904
83854
61971
63155
94589
19640
68577
59027
87878
34246
7322
44582
19926
74095
93406
92298
63007
14122
12696
84101
34893
44586
5831
86826
55207
57013
19884
84255
35546
72382
43147
32202
54576
59669
17578
26929
96787
78966
29092
59862
39827
34601
84166
11393
72728
43362
67999
56961
4702
82800
57751
61432
5921
23095
920
53020
39398
21311
93641
6490
54792
90989
44212
20472
62808
37340
5120
33993
11629
71699
2166
66384
87427
36488
72741
6594
16058
74358
71946
70296
13585
22741
25460
28160
87821
81081
75778
4693
66473
42737
57372
35703
61721
41358
47082
76009
40661
79223
76170
69546
71940
7723
20461
96537
89239
68738
15257
22050
63134
84452
37258
56608
10352
89399
80242
28073
32839
52726
91330
28825
26831
70673
35500
61603
49235
34356
85116
20240
39554
67433
54765
71758
37423
92203
79091
80661
88134
50220
91754
3856
83172
98320
69060
24119
79840
78958
67978
28828
1709
4565
77197
12206
52848
58333
16484
5057
81158
83984
19779
92
27971
87784
1803
70010
13881
6470
17414
40773
13489
39960
90813
53882
36081
92375
22251
64213
62118
34382
92867
58531
99588
45188
29256
4280
12783
86928
3357
84004
54737
8438
29997
11193
40226
26357
173
16035
90375
65103
94811
54350
25531
85189
8107
98496
64667
37986
37517
23153
96987
60080
53781
48483
96238
92127
42469
95602
7870
38198
37152
61829
70147
53012
55514
68922
59291
30083
42630
86100
47810
47318
47982
96349
16501
60211
90709
33693
2903
66009
64563
339
58576
188
11805
23908
66198
54750
20235
58819
42376
18093
25401
45219
27713
92664
93252
61138
60557
56361
50544
1635
51452
16612
5920
96377
49863
85091
24545
89419
30795
31027
64015
91925
11010
5617
17116
87069
38257
59293
62866
89657
8125
6912
29838
95069
70553
4395
33223
13828
88174
16521
57945
2835
43397
42591
68230
6031
99184
90296
4046
50693
43106
11328
68127
83646
4439
92973
67011
24434
96638
26954
29602
86650
19749
19879
18188
7438
10696
18770
6683
21823
69257
49558
1746
30589
66479
35526
38560
85198
75858
68597
79854
1324
16060
16180
89711
69927
30399
71078
89595
1701
36954
40262
1318
22308
10902
20252
32713
82416
90003
4063
17327
65635
98852
43762
22107
57653
40226
71137
46785
44575
82078
31173
520
20848
92003
4668
80586
67543
27981
45399
32260
3644
42906
74815
18834
2778
51908
44929
6949
61328
82383
55011
80337
97120
39608
13835
91057
90589
52779
39849
85087
93829
73286
14669
19573
766
62837
64443
16206
7851
12597
43577
56197
57321
49598
52217
42274
29256
12139
52468
65969
6583
32653
8830
31546
32214
95919
26861
30629
820
82374
98936
18886
81477
74790
17486
64984
96549
26319
63438
15427
46323
67171
70422
38342
94692
46525
74673
36801
75647
46778
98835
54526
79609
24106
69439
33754
76706
47805
82741
41405
87196
40498
98458
86756
83889
25336
29729
66371
75319
30094
49622
9653
77927
43071
64300
31666
68196
9680
53080
20800
51196
64885
93615
94587
65085
66287
97380
88361
69066
7318
73375
52272
4186
96058
25697
10501
68057
75739
52786
1983
68911
4234
85763
17010
20397
69220
70388
44159
81701
89362
75071
34174
10875
56230
7589
21226
17223
49943
68612
26881
42495
73419
55624
98883
27482
3783
3406
96979
5323
14803
50237
33677
27205
94156
82995
73939
64966
16822
13794
25128
82393
82023
88112
16804
17038
51333
47945
34230
40382
57283
23257
59318
62627
79239
10153
7981
97740
33526
93936
54528
66742
62668
55510
60797
74762
44337
536
66052
45316
73458
70574
83320
88202
27634
49552
25845
22870
23386
76713
78196
99921
56386
78122
97498
27570
1556
61337
45257
8138
17489
31568
73720
94950
27075
45884
77503
85430
55576
46030
73596
35553
21791
21237
83805
78973
99761
51064
5623
42332
46903
86572
80504
93571
11026
49959
22618
78014
43605
43737
62889
32194
17445
43042
45107
80043
51275
50044
60956
37827
3077
61464
85498
45023
26758
22167
6564
65565
37669
78377
96453
31905
41024
65715
8003
47352
22252
41480
63594
21241
94131
6956
41938
51414
88112
128
59527
13869
93637
99922
34253
80028
47621
19642
68528
78896
49292
12043
30056
15607
91504
63033
75163
17759
33584
6954
79260
13108
31398
62403
93949
768
21610
72620
71430
89050
9079
4207
65370
96231
72502
6064
60803
68013
32018
89075
6905
93071
89179
12833
32830
81063
56834
89876
58241
38063
9287
6421
76702
10565
46613
4849
2962
72486
77821
93724
75088
8220
98107
12920
33885
23365
62275
23352
75750
73074
61691
65650
20070
81319
5118
30450
14883
68703
74850
1119
93776
17695
49217
57862
83824
92311
68938
89398
85436
21273
63495
87
2430
27560
45291
75515
33680
93191
47212
30573
98385
85467
40115
73834
98192
51802
4413
82932
69025
81250
94222
94265
30517
37611
56221
82360
31128
2365
74665
81577
75212
7786
15199
55469
35233
57426
12845
35802
16021
32317
54170
29054
67636
47845
16419
73407
99130
491
48535
32195
90496
49276
96077
70403
63812
77785
28819
70294
57735
85394
7575
29354
11696
27354
47309
97738
68910
30690
36602
5233
81345
36222
43829
74227
22786
3657
80869
63589
41670
58622
29050
44912
90256
13565
34066
71680
90860
21457
50342
27003
51957
43629
44498
60496
76826
67770
99776
89419
76778
65080
10363
62603
31147
48033
9553
89008
64855
48280
30162
22094
99651
12683
11341
77853
89772
30109
52721
96513
34009
72502
60856
72442
48218
44526
22113
96940
51692
7747
3892
17887
57316
72690
91565
21103
53614
35999
83537
9884
56067
153
29568
46689
84096
40788
57904
74541
62948
70160
41665
14047
5452
54230
80456
19164
50492
13874
27311
58505
58074
61588
28573
47080
9159
61630
71776
33881
76391
28476
5379
38731
77403
23962
10541
2621
45833
48949
17767
9935
7661
62734
38389
49757
64832
53836
2655
42001
35604
47834
29394
93199
40081
23806
80120
87132
80830
22528
82475
66990
67141
16334
88820
94737
85920
79217
53849
57648
58885
79171
47939
10814
18981
6158
98738
16489
99197
81784
62672
98755
83055
84155
61279
37718
1259
92557
4666
6549
41465
50744
47308
53869
99012
4511
94458
42504
58432
15115
33772
79511
44025
65424
59309
10779
45082
17834
94802
24730
98030
81664
98413
97944
16900
71567
37690
28190
20837
6819
5801
29111
6236
39330
11752
10966
41234
21465
58266
98451
31793
7424
10934
22583
27667
27971
39265
95757
41322
70321
14956
11408
80425
18794
31388
54665
78774
77101
29042
42516
4285
13462
67435
48921
81167
90344
51010
74236
71626
31143
21033
38774
73616
78603
14304
84279
14243
23998
92741
69817
48796
56057
13652
99714
39365
62970
54618
58666
86331
36865
13377
10434
5518
90337
44126
68623
81302
44463
76829
65301
78811
88164
11565
9213
41334
19589
40587
36723
23884
7316
2444
76447
51680
55155
85864
76403
11088
42428
65874
70656
79416
33941
69854
80692
32497
39948
31662
19413
67377
67939
76884
76281
22023
12233
24337
59734
38511
59382
47796
13509
73060
94751
84207
10906
56239
69027
12476
62354
88226
44628
93367
45727
84798
97095
32431
8855
40255
15810
58717
60985
46309
67994
68934
12641
3184
66344
53333
51484
56563
10286
83015
45013
28686
87636
32708
51292
51816
21485
98348
21126
46903
89446
64381
64484
64192
5473
34338
68703
10343
95825
92313
93517
87586
77375
37607
30802
10038
36473
77070
94807
2455
65075
51223
30036
59122
92631
1806
37063
88024
94931
70215
30168
78787
41773
14953
16042
1599
29258
5394
39044
88418
5676
56785
92517
56457
49481
64792
85489
57356
44454
63449
81716
53583
97149
95949
76630
75168
35796
53540
22012
80401
15371
44073
87000
29230
70192
26206
69686
19754
50964
34930
12883
27589
75108
41126
61044
77306
35289
28345
37944
42270
5812
7381
42198
30231
7044
80373
86537
84226
99382
83642
89687
81815
59696
19321
74744
7858
73598
30950
16255
99974
66568
38195
96890
18039
9411
69611
26741
28515
97001
14968
70419
31023
88574
29295
61232
59277
16340
67260
22520
8171
87879
4765
31175
59489
94894
61085
43510
34507
59654
671
20282
36734
93689
5550
47954
60992
50690
36750
45226
60518
16311
90998
74529
98360
5121
88325
38976
68361
76923
62968
73726
30640
14631
37981
32893
56052
62599
638
81791
89386
38420
59068
89834
7886
52370
75132
69365
45723
92514
97598
84565
32963
5478
41092
81786
28881
68899
91599
45815
79831
59862
33651
84038
58945
69287
70020
91066
97581
28750
58480
64358
92985
60781
39588
55417
16461
45060
20072
37371
11802
45478
56340
16896
3547
58673
42717
2188
48575
52697
49342
65758
5696
3225
27684
85444
89656
73982
98516
41208
49042
28104
35198
42514
54737
21846
11482
79921
1484
3963
49608
27891
23712
75192
62452
16959
62235
19381
94130
72844
22353
19520
25533
86336
66710
77734
81396
94382
87218
2974
6564
91562
1407
92129
62415
46151
6713
16742
7471
48196
46407
56319
76207
23609
77487
78221
62139
26314
48331
63290
45283
60319
76438
67083
64059
9154
35618
35445
45302
18336
43327
27650
96789
56092
54807
2401
5860
40388
91453
58867
52745
82224
89502
42226
91745
33720
96682
69052
92851
48202
73912
58180
98174
94986
2177
28975
42199
66973
75351
62026
70264
13808
74435
45457
21874
42208
50822
76726
58599
54550
54461
53714
21861
83054
9087
75521
3659
71482
35917
19498
96402
62240
53189
8518
28531
81823
73694
44423
65165
52372
927
50557
25536
10990
19102
92904
76836
74861
31398
11169
60244
90072
35336
17726
17588
34430
56500
40279
60350
51854
68184
78861
13280
20597
92748
17793
49562
24369
44551
46022
45759
17696
68101
26990
45366
12050
78392
66716
8173
69991
62949
85694
41207
28839
20640
7126
5977
62775
969
49907
19337
3919
90152
28784
40588
39598
21785
67514
22
73942
63636
67787
62066
68344
46677
67614
22960
43184
83580
67955
73283
58758
22152
69938
61917
57505
39914
33090
31267
85826
58959
13848
11648
90387
1213
59412
67099
45372
93875
47565
69940
76556
18884
53526
28682
72576
38443
48549
17320
55360
34250
78706
49496
22994
89483
38408
80434
19747
4790
60507
48602
18097
42529
4609
48627
39787
80363
7114
28906
64288
47323
20563
10207
14432
42429
25134
33709
88237
43127
75797
60894
72076
17653
17562
16677
74943
18112
1225
83336
35930
28286
54937
93422
64048
1389
17172
67077
65270
28121
38606
43482
94898
83728
23878
72302
23699
77371
11208
39343
66532
12667
29963
69784
52933
91473
53905
35158
68527
94125
5070
78304
25001
86706
41825
70348
24542
13475
29040
14271
11913
37482
71816
32881
59483
311
62213
69719
91006
82589
42170
49410
62326
77252
87427
83631
76816
56745
96135
48075
67815
18747
69710
4324
69812
14494
49561
68648
76298
98728
42606
67481
57334
50669
14610
91875
91436
64323
82237
27765
54066
98033
89827
83507
86391
37631
26546
48138
24781
34357
11503
34110
81591
62242
50504
6879
42907
92297
38023
85203
22606
86149
27943
11495
51032
80662
92362
34753
3901
72654
55946
18229
68655
8964
52516
61752
77200
11683
25296
46403
69610
15454
77068
97012
97752
59444
20869
56089
34892
97480
47495
57411
75171
86057
99791
22024
37417
20531
37217
94012
96972
35493
95776
37491
78456
42057
71295
43779
80240
48554
2505
62654
1920
94318
66815
28872
47887
38415
80144
40454
29659
54574
78546
74219
94727
33988
43952
99427
96946
93072
74151
78855
72541
11037
93501
43691
30387
55983
48410
82457
6292
94772
6295
7295
987
73741
43102
41641
28348
94224
44662
81639
10810
84292
71931
84925
64430
29287
13132
12855
92797
87444
97198
80798
71980
45803
81599
95744
15511
61010
28649
47303
48207
47043
50192
9624
81373
76494
66798
19017
51154
21797
88719
94129
93129
13469
93437
40264
43724
19570
63726
79154
61779
45307
42948
13457
42374
38873
95312
60510
74677
30973
50712
69296
76152
37517
49547
87604
28483
98201
59210
78171
78471
55170
81593
15041
3618
60320
9195
73703
76684
70267
40688
44027
48915
48933
55948
11702
89596
32739
89450
75080
22075
19822
29227
1687
39076
94764
16180
37340
90409
47513
13959
52830
44381
80078
28225
2334
92788
70093
58075
56350
53774
86419
40752
88082
72938
70782
16045
49547
12651
819
95135
67942
66219
29549
73544
53175
67669
96874
75782
73233
16171
66522
43672
18207
62018
83463
13108
17170
13464
67833
10652
11554
31756
21590
8061
46341
84150
80814
97484
39084
92466
13364
60521
52387
91247
54681
67707
41105
34099
81178
38535
96838
21825
50399
31280
55525
68788
20512
43307
73467
50168
73933
68143
88272
55362
24147
16139
42450
21913
46242
68083
82616
60107
82810
38249
48586
54741
68025
49340
99880
62947
18378
52597
82852
31050
33902
93671
67339
87152
10761
48168
15891
96593
33534
6410
94866
39837
77876
61081
68735
73652
77319
54159
12068
63350
19413
38955
41412
85330
43206
3419
9502
94336
13193
23638
59982
54547
54031
90853
28331
61191
75005
30814
88083
67018
6123
52017
10697
6920
78465
34637
27650
91113
66432
228
75085
96811
45762
5159
88064
56087
10141
42508
35855
31273
91565
15337
45230
35922
3998
87705
99077
98315
54756
1632
53899
22301
33981
67831
63346
96212
27521
7149
21087
20439
51581
48796
23319
52598
81002
67222
56020
13587
1574
24229
26495
27935
99670
35247
8512
40900
86086
56936
24897
67859
51180
73167
95299
19518
11059
45060
98285
78565
70231
83527
49776
94549
41118
60856
2050
44881
37609
22201
14125
41251
64623
81096
59142
26905
72912
1333
33473
42343
62746
89963
96008
80617
49545
15194
24834
68907
48190
89428
93045
82915
62047
1348
19479
35633
52257
11717
18365
89212
82582
26322
69355
3862
87451
59231
87384
68232
1698
17490
12516
18080
23885
14758
41769
25406
18901
60914
57633
18529
14219
1451
80258
2015
39090
86905
84513
82617
91864
18673
56697
84873
29632
3686
81712
48205
6618
13770
89595
91052
11966
66996
1490
53456
83827
27187
99975
97972
95846
86878
68217
73488
90788
39428
81524
69840
84423
25147
39127
57172
86408
28880
59824
32974
79863
47703
89350
25818
92730
77149
57302
89372
28759
29025
41020
12814
54134
84556
55598
64231
44641
11200
90055
42602
34583
34024
40074
37999
73124
33549
88981
54673
42021
54593
27206
35828
48094
17008
83852
47523
28912
80157
704
96080
6347
52508
85436
71359
39370
58712
49195
37234
32257
39490
85145
95617
37789
13861
55322
44950
1128
65255
19331
20390
70754
75317
6779
86716
46607
63263
87014
5553
13646
92965
59662
37596
18933
25053
53281
26095
80525
94922
88336
30635
5582
40188
81881
47489
23850
83423
90066
51102
7282
25071
69290
82756
42583
67202
40010
78532
19238
58826
38312
82052
85961
6415
96810
69931
66477
96622
86338
97318
27011
84235
10546
10520
5792
24012
57498
97873
23022
49502
85719
20704
17360
35990
8601
22727
24756
94978
88042
15359
43272
52075
27080
42849
42566
42753
25548
65463
94335
1274
55522
82965
93860
68954
6264
27340
60209
16905
16228
72898
78936
59136
92558
37731
76401
50632
64015
49575
75097
137
63326
30625
14096
6896
65890
16224
27500
18237
64490
5074
80346
74626
75965
29647
13301
32930
92740
32633
73011
32438
31187
74585
58919
27807
34702
46196
38638
85939
87181
26404
62229
19871
12421
16009
92882
55843
59382
60074
71803
17846
7820
48684
20702
99627
2458
52369
94909
14804
31307
99293
19753
88570
44665
30620
1305
5729
87150
40852
98153
22469
27328
59902
65071
39091
24059
91921
62559
7846
41216
77030
27885
26727
31131
76596
1652
17911
50664
76737
51506
84502
69966
70624
74076
70514
13529
59939
69037
38332
66149
18944
34216
19822
98597
3971
72633
86143
37539
36703
19457
50620
6461
14712
63548
84944
67273
22836
39542
58278
54119
70787
91394
28145
25616
46686
64500
88447
36883
32550
63025
31666
47490
70982
97345
91253
49847
92521
20373
10547
4748
29818
30274
87166
9193
29157
35436
78917
15309
77301
87486
93850
89721
84524
5654
97147
33016
54884
68799
67462
56165
67087
88786
51223
53216
55429
28907
13597
38326
94483
1659
17106
90231
49410
72029
52898
35171
84680
5812
56330
60954
15774
92433
7248
15996
1504
27737
93903
41630
83516
88568
33041
235
81033
28268
77766
18589
56290
50096
12794
21349
36367
69802
48603
57039
85682
66828
30435
76489
82224
78782
1605
26650
10975
78025
29478
87183
75654
72841
69142
22020
50707
15663
28080
34630
60037
32805
11788
17363
18150
27679
16282
46941
46833
55600
31711
23979
9368
6357
44962
78055
82683
2803
58497
48958
3172
96028
77932
2350
49922
26100
9948
89392
76614
58773
55627
80649
5031
14313
23419
74394
3825
15285
87369
73183
70232
6887
9423
72355
77226
86416
4118
80651
77741
28077
56485
23792
53467
2800
84107
62391
16988
58063
41025
20693
55774
3667
49778
24786
70934
87952
75420
2636
13952
98122
12267
52478
68338
57001
69721
56770
33137
85774
93971
16981
25289
48133
15795
77696
32309
88924
97206
89293
71065
64508
53451
61106
87752
13747
65519
11201
88513
8368
37833
31026
35582
26013
95245
25054
33411
62805
34339
39164
26144
21484
95981
26510
94207
43715
34845
5366
34767
17698
42690
23832
54435
91927
60844
28770
82849
1508
71084
48881
50537
86896
97696
27095
15643
3405
18123
99604
78237
38726
29013
76843
23040
12932
56977
9685
30317
76032
39536
708
29167
88094
44236
96866
78234
96921
21965
15763
48283
5442
14575
79295
16366
89738
53576
515
33503
18756
80584
35244
60542
50429
82854
92628
72944
42963
72055
50349
96068
99603
28920
44691
39076
45840
92055
79160
33289
53584
2516
62596
38025
84661
10216
28798
83409
31097
5764
43023
88537
13807
36473
57118
53898
62253
69909
56857
97850
28910
55717
36694
51308
68141
14723
9172
79645
99722
20936
23754
92344
13308
95789
11596
44850
92597
27286
1563
56529
74367
70495
87221
97579
81590
99981
19944
27640
61225
61391
29629
10807
93993
85325
90654
49397
26897
71350
5709
34959
41397
59395
83653
15923
56786
66726
51520
99775
14408
82701
27004
74845
8733
49050
35755
95533
49530
65747
11642
85795
55336
81370
43860
98895
60337
52632
53277
18623
4761
26279
37814
45888
84953
32066
53876
78992
28288
44724
10831
14119
70984
4607
32197
17903
47638
25361
57236
82887
91219
73562
15136
59044
30306
37290
85205
62090
78261
96172
23218
20828
43656
33206
37139
99913
46322
47950
33460
1885
27269
52920
10110
12590
33394
10444
54982
52222
5705
92156
68860
49541
3369
92173
97823
63104
79558
98089
14196
75820
47839
82258
51616
83487
53253
76165
18063
14738
78440
92213
39094
5854
88861
31012
86753
31478
96503
48242
15102
38237
33284
52642
97674
24237
61666
34896
50300
38781
88200
89925
75839
40217
77954
46754
11019
22138
20726
66175
63531
51944
27673
80932
33897
64478
84231
87968
71225
64634
98518
19793
7236
77323
26078
66834
7774
10072
76137
66513
90224
96745
2576
89664
53528
40011
90311
66477
50702
96736
11158
54898
80572
33990
13314
92755
3290
65610
42252
47799
52332
59771
38408
75062
65851
28305
62710
18144
51245
6985
9051
52205
46156
83216
89279
67848
7980
65653
6488
50220
15345
44172
54734
31227
79415
53510
84490
65996
18615
8423
74417
94286
35567
14894
8825
20761
12157
78724
90217
94669
36955
57861
92352
72152
88859
20563
18200
21129
40166
38386
99569
93593
2484
81715
2754
46883
32523
42128
3212
26147
84460
8670
47319
80632
24352
47149
37692
76774
50646
20348
8771
28119
2587
67037
90134
78057
17231
28529
98156
95465
64648
98534
37710
50508
48089
91838
98256
59082
48152
7803
69475
9370
31177
67267
73661
75126
55480
49079
91863
16258
9530
35959
8630
59456
6665
49758
79387
79759
17783
61912
60174
59743
18618
70833
92249
58597
33099
13881
63512
25014
47542
43809
24723
10856
76685
64191
43756
13506
82146
75586
81632
18564
41540
13440
71018
4181
79808
49560
24928
85944
60317
83406
32562
38735
43918
24626
16069
63094
43737
98458
91818
33263
64218
79793
54538
13102
38128
8920
91954
62774
54623
81362
9098
36495
97983
13355
91503
399
63211
39292
71091
83060
8742
35663
17127
44217
13390
75870
9327
833
11579
24639
28890
30664
18480
82802
52629
76799
72556
52238
86483
20610
79911
60411
70597
94901
82011
35550
36575
17332
11920
99485
41910
44594
67476
35903
62178
24773
78102
83151
65839
45980
50563
89555
54788
54397
58489
12712
58644
81513
41811
27268
56645
28809
72786
62580
93392
24917
91194
17485
84752
2029
17849
97601
68942
9170
69207
83250
10864
4181
44271
31797
92134
89974
25714
48618
85812
84559
62618
48460
92126
78836
12312
30345
46251
38970
2163
48463
58218
91677
8965
16348
69175
79087
3670
14890
74789
80738
77824
44089
24978
82447
93470
52477
93330
38721
50378
82188
98228
61429
81097
37773
82584
37530
64535
29480
31971
77719
3297
55313
1421
76506
96723
53562
92863
17059
44747
12036
92927
16551
98975
46439
5242
56596
89015
41163
27447
22814
46484
96753
44633
63177
20581
30913
83626
26463
87452
73832
99398
88352
10066
8918
73828
49743
75039
69232
26074
59631
77761
84393
40319
48343
21770
45331
30418
11003
93606
42914
83628
24239
96543
78666
82786
53640
60808
21243
49320
38209
65228
67433
56310
83978
77640
46862
19762
73067
60898
35453
46656
44419
80732
91683
53093
20912
67361
67028
95902
25199
87581
31510
97060
32696
37625
24491
64742
84201
7145
31670
81619
78231
88285
37315
57466
14490
85091
42349
91957
96321
54450
27526
62277
7148
48931
71799
2716
96723
98563
66625
64256
47468
54387
5166
83553
41535
92276
77352
26393
9597
57680
31047
57059
51335
62865
7701
59739
65681
25012
29479
69782
19627
88348
95515
69968
93712
30422
83427
86464
94752
34978
18539
60230
67120
43165
86527
86956
68429
96242
61485
70186
77158
86319
2051
18728
92093
57818
77931
67768
79573
81135
75172
58800
52937
23500
29359
29047
84855
19711
70859
75905
58757
25572
14167
5320
3488
80580
21406
5727
3503
91659
24907
53617
26251
43813
81625
4028
12761
63508
78191
45664
78173
55450
88910
58382
49930
75025
10440
62364
1500
52170
27387
23486
73046
71288
35550
52332
30517
68800
65372
43736
17891
85636
25281
37047
35760
69457
70326
70194
57542
82897
24584
20553
3386
91933
79336
45675
67398
99639
98498
14770
85368
6748
73766
57918
67927
8431
95162
22051
52116
57823
42153
49141
9540
99455
21680
66987
57438
33146
80533
68645
46345
69529
25950
25397
57347
82592
88837
52350
46461
57010
15524
57969
99381
68398
90085
72870
52582
33340
87846
50266
79477
61198
38101
57904
68896
67493
69185
76449
84582
39569
2609
63168
53961
76826
89589
35440
66182
4358
88813
30278
97505
37855
16404
49874
46846
64953
8364
85400
26685
65199
38498
74024
30101
31905
35620
10647
29264
59217
66717
48651
24108
69858
30928
36149
72112
62997
3944
43462
70965
78109
48186
99385
35498
88037
89211
89296
44405
84847
89047
45148
61779
66521
47287
38861
91972
15609
49534
42864
90575
2781
61885
2035
81077
44112
67845
37454
84666
69270
63944
9158
27269
29967
8043
49857
57456
60863
52408
90620
16053
59058
89249
97920
40390
82893
24645
55508
82003
29197
88977
85724
44554
15635
23961
70588
87707
3987
87688
13239
27077
23348
88643
93339
5813
19922
37781
72162
63633
25372
8453
14586
21358
69613
676
29291
97651
87714
18558
37161
11498
99548
96271
40290
92336
20244
76972
67329
61383
5760
17202
44008
62480
44668
34138
5768
28934
48785
15423
38385
28590
95882
1617
15982
99745
77809
25445
96443
1290
64305
2479
15272
23366
7838
14672
11830
86454
74150
41657
87462
45652
70046
80817
6478
4238
18080
90531
83101
67014
1340
6138
81609
56529
92181
31031
72607
22329
98153
56295
96462
22620
24691
54752
84832
65124
2108
73680
21935
53228
53356
97886
28875
89681
93717
88084
66385
96391
94457
3638
14836
53006
20400
77404
24882
73249
49096
29957
24961
30506
64112
97160
88731
83274
63507
94259
88173
55816
89804
29509
4028
57616
31913
65918
30323
75076
58076
14250
33857
826
66811
87346
27225
67764
74736
35387
76007
70134
94360
35286
95620
67057
26342
84376
49391
67414
53139
78694
15994
83302
74544
27371
98446
86763
71754
2398
55194
18027
73523
30320
96348
89491
40277
78627
26769
73654
61570
79124
70084
86020
93628
77954
58121
71729
72637
551
6550
75818
33604
58028
74104
5195
4449
26820
53128
57902
75400
1245
64348
76503
10430
70938
98292
25102
74292
78986
58596
48555
21989
45631
97523
21116
20819
95393
32515
35902
93319
41290
32568
61096
9709
25632
27486
89267
9695
7601
96058
73732
29002
44187
19150
24293
32881
95602
57899
46720
75051
59716
49452
59979
8996
24726
58313
99240
24775
5848
84291
36438
21367
99006
37043
29652
15774
68228
72859
36718
70425
48958
64266
19364
9055
37462
26981
78033
64889
20525
71355
62150
21341
52762
19870
59954
8687
38283
9632
13105
94522
25105
49635
44
26572
83485
64207
85989
96113
46858
94675
621
24949
33196
16204
72218
87637
39829
63625
98678
19719
44662
16840
64458
77684
37311
13350
9890
42145
73896
91974
15723
24688
28248
168
17027
2677
54456
96767
2388
48356
33934
39455
31596
66953
22720
41738
46737
46419
72726
67418
48841
56798
89880
11063
21826
99649
80824
39036
21022
17902
75866
57042
25456
6571
88687
16772
62656
19614
98724
39660
37488
86620
78656
34668
41027
62183
8610
48397
97220
53372
72582
90998
78246
47593
23123
18245
93691
72784
60247
76831
29739
93086
71077
54326
52028
56687
25727
23669
17490
56289
93886
14078
46021
51179
70644
82953
48640
25667
64870
6447
96401
67365
30050
70043
84166
16309
13059
93939
5182
22509
57009
18125
24355
22862
33728
66687
88455
57368
7953
1405
70459
28208
50953
53073
85790
56967
11904
25633
15367
71143
53067
41956
5378
26646
53485
2445
42253
68466
20380
43526
49540
96100
47540
43860
93848
37555
21787
35929
73480
41492
81698
10529
14500
43114
72092
74330
53119
27276
75605
73070
3498
27296
70853
30947
22926
58818
24196
6435
10352
24261
72702
4057
95347
61523
65794
21825
75575
4813
96234
74677
12982
21801
8079
16068
50668
67424
31005
56857
99781
75178
55300
81184
2842
80667
73808
51551
86661
21650
411
49158
71612
99516
20634
95350
40959
77875
47494
67938
29689
89012
53973
31402
20602
34450
21146
52917
30617
12015
5923
89489
66759
92597
83726
57747
76988
86260
79681
12811
87289
71080
71099
63323
52649
4109
7406
77252
46020
21354
70132
80400
25576
86381
52443
51814
16754
67339
58646
39881
72435
98120
68276
43494
29154
55390
79739
1368
91620
8212
60719
44572
36985
95514
51186
27819
49638
88130
51904
67108
88288
90644
69139
44160
24247
62007
91013
15479
30459
94859
97648
75899
58704
69938
24626
2083
19563
53112
7981
96444
89639
37392
75895
50756
64430
59781
7718
59236
73906
4143
79764
2007
45102
24185
54078
15144
58888
59493
8022
31481
65237
73768
57855
28327
45760
16648
95076
73836
77895
28213
64577
20998
99792
37330
24081
80575
66552
52929
19630
60767
32106
65400
15050
87225
32359
34712
22277
76966
74689
65662
84297
29276
66684
22678
74952
36025
6469
23881
60911
45817
41745
16622
26374
37765
54777
62858
16397
64128
53454
2323
37883
66543
33469
13388
48821
58564
59576
17364
60595
24530
84233
95618
29773
95583
73864
5621
24965
89812
79665
80021
58000
18379
56064
52734
38391
26274
32045
47235
8427
106
773
65923
23617
63561
38114
459
23332
30173
60061
79953
50808
31928
56223
38647
56223
64325
66760
71009
81400
91413
12590
61054
59638
87561
80592
21720
34635
77637
5972
73604
29818
85800
97268
8816
40221
45429
60399
89364
45673
69872
54413
97856
44269
81717
56826
95085
9692
53148
94670
67336
85175
90170
86626
36314
20361
85318
31215
25651
35619
10593
35592
18899
84082
8338
66051
75428
12152
36360
75256
26489
23523
28414
52056
78071
8160
24229
89393
78794
60939
47766
73365
77192
10005
8968
29191
7057
8078
18535
94693
11444
15371
26066
14691
98345
12205
34786
13642
37947
75034
21973
45475
67557
97500
3089
12527
30735
50958
9820
4970
55417
50034
2968
30229
67018
23675
36274
45253
39416
28124
4630
26568
90755
38054
22019
53307
95138
30292
43585
59258
93945
90688
85991
90863
32967
17639
89784
33423
54771
61262
15482
48072
97494
95448
54780
15342
78035
84653
56755
86725
98406
88316
9847
88850
35648
70699
14540
85480
99465
44299
30334
62196
49516
26188
63379
25105
35222
16460
38694
99768
58181
90763
35635
5038
4029
63191
51707
92995
35363
66250
11344
54784
34169
62808
89586
20024
16268
18163
84873
34124
95497
11664
22971
87950
26728
36922
64991
45181
48809
47058
79937
7685
26423
37946
80628
11613
71046
64652
71831
5283
72555
1572
42345
53184
93111
85629
24615
79797
51927
50816
63110
33758
7608
19499
72723
744
81873
79265
50140
28853
23802
31848
17452
22517
15714
36517
15230
65834
2213
13569
55120
49449
20402
30520
23940
44101
40269
74060
65845
94725
99291
37580
40383
82075
99429
64420
15676
65376
55880
27704
98807
81072
31979
15886
2451
3697
81498
66289
88877
65175
24518
60220
10549
97580
22409
63427
11308
2725
81852
72569
28635
93469
48215
19296
85378
73254
94566
13340
99642
21697
82532
68804
82847
80619
10717
33924
26000
3146
99121
45829
83921
65364
13975
44667
97001
62109
45174
31667
46049
30439
33843
34278
51268
39807
5314
35438
18578
85041
47340
41758
74609
66527
91155
96501
41864
79108
3681
34881
89503
36259
4695
11299
86851
77016
51690
78758
24048
64816
95661
23326
3764
82379
90172
70125
95740
70912
88208
18149
13267
62038
18041
99294
24524
6829
67888
18915
94902
19766
40738
49553
83055
92267
43421
59045
78923
51836
8521
86125
49954
29377
99075
69667
4017
2106
92852
78999
2585
42048
92262
2646
60561
26750
87787
562
10550
84732
36788
32591
63422
15395
58196
51397
56421
42817
39385
88794
67939
85202
63267
77905
50607
23767
7966
78183
88873
27504
32581
55183
36723
13696
1614
59472
44351
33066
89804
41192
78160
83938
17946
62621
64126
94194
69444
68880
27253
97114
29165
77287
65938
40420
66534
20495
48473
19813
923
76105
24831
53939
52047
56160
70542
16557
67640
36590
66210
16255
14038
16650
63896
56146
80538
5144
87495
9227
64724
12792
523
9882
42390
12706
32351
52650
39241
54848
61539
98158
24213
3006
18715
37794
75394
95922
83036
27891
27262
28223
49016
21113
15849
58585
5053
55337
98106
52156
9466
54925
11949
88730
17708
98847
53287
33666
41497
78024
31740
87672
88526
90571
92881
96690
76890
48069
38804
45717
87219
58237
56770
54765
46696
7299
6747
5413
98883
81626
88693
57241
76734
98911
25204
3320
97254
30386
78021
88083
63787
20102
96519
88715
25687
36983
29959
84174
76812
62642
87263
69766
37033
24436
4819
84599
88876
79107
92086
60404
35179
18724
33559
57638
21234
54604
2047
28795
40691
17730
59127
66486
86450
36378
35565
72053
82192
8350
9836
28645
48365
90575
45261
95747
55847
77426
6642
10591
4003
3674
57570
31348
54807
38773
25005
6095
89999
58822
11304
16301
90238
34559
92523
69663
11570
54557
64675
60201
39580
34542
695
95734
49995
17977
10711
41439
28768
20076
78774
72072
40765
61111
79088
20159
10875
75251
26856
83783
62614
39961
41512
16999
8186
41236
80770
20857
58010
63669
72481
53715
1523
32374
96205
91382
27354
57080
97648
31377
10874
89978
19745
51409
42684
3506
85633
74292
72884
69741
66813
267
79222
42859
72739
59706
31442
91270
36047
38179
40452
82689
26280
19597
46239
69225
4
1739
69485
80347
77391
32419
6360
91546
77620
36005
52085
75746
28641
46372
93149
79848
6885
81642
95332
45117
51441
58231
77512
89442
94611
47147
45663
99176
36885
91131
30260
10410
72643
4951
88181
90254
22048
33009
30305
99299
69075
68901
98971
23819
46642
10825
97432
58373
53958
50127
38332
67351
80904
98662
2846
7798
79106
99444
1184
17795
60028
54964
70234
84118
32968
24516
72905
86165
43367
29037
55391
43118
54038
62467
22737
29983
64758
25379
9141
41938
42641
43046
25805
62260
72725
65207
4397
54622
32822
5905
95183
7473
28623
45367
99464
66473
37617
69344
37128
14036
67230
66529
41952
87883
81880
40739
11024
13520
71845
9316
17612
1126
29055
26373
88240
25416
79435
94398
40225
86688
97329
39698
47507
14632
11478
96012
98703
54140
26412
23545
12411
33192
52002
27735
76160
23457
16480
89799
29725
82762
94937
18527
56575
96862
76677
92580
23656
69014
64265
74485
58410
73714
98568
98055
63079
29110
20525
89098
93713
41796
11346
26218
67937
75096
79687
14142
79635
46059
83280
81449
35175
61047
20130
20772
30247
17258
86854
38311
55472
41301
44421
30931
85079
40631
41907
50137
76860
62029
46167
7528
68146
37263
44350
87818
57049
41396
81038
31982
31344
60490
5676
14379
74932
91174
30732
58283
344
24848
32659
94879
84408
13118
15526
94987
24027
80941
24304
38628
20464
53439
33494
96044
71082
37565
99317
39657
15612
59499
69258
50170
12061
96678
32345
9430
41323
63533
83368
8869
55635
31191
58759
54647
80577
8368
93675
30824
30897
12798
75120
924
19032
29611
67479
36792
69547
92754
73600
93572
96158
85023
38775
6354
67424
65350
22780
21513
58544
899
41965
12285
7656
97856
79681
85119
66299
56856
9090
39457
41210
5475
88516
76497
8296
22395
67596
45272
60082
97786
54043
11148
258
51156
9176
80909
80447
29514
8315
17200
91275
96755
27433
97802
34465
14751
78861
28213
16834
34395
475
8808
72896
39609
85146
4044
44282
26126
3684
85897
63355
68072
94686
59824
34017
38498
50512
81812
83772
86379
87817
12838
26971
23554
26841
99158
84713
17914
15100
16626
30131
80266
58259
39988
41627
44493
51709
36229
24768
10857
44081
78066
44055
93512
29750
1665
86375
97846
76628
6562
85859
55920
14962
93675
57869
61574
70949
58877
89542
884
36520
8960
16065
70502
80694
35081
49336
93550
95050
54035
4118
33136
20325
46826
72371
4760
63567
39762
23480
93580
31047
39674
43739
2950
18701
12655
75556
89936
40706
55993
43447
61872
23429
24780
31575
73893
58473
56355
89846
70902
18488
10807
33648
38910
87330
58956
91719
2444
97902
18781
56627
98743
49831
22676
84675
23977
42533
5211
56160
41845
84277
23721
36031
90726
45917
93874
24461
11822
14211
11853
23921
54553
59821
70590
26421
61545
74450
11055
76050
42173
76563
6293
14246
12671
30105
3742
95819
98932
11760
19231
21153
20340
80520
42625
80866
6797
80227
67281
3090
31083
87564
10909
28548
86602
74960
17925
95889
88468
60514
21461
68624
49609
3194
77925
28881
36277
49783
84451
14536
52655
42211
18855
6374
55866
60403
48956
51222
82516
16023
87031
92376
30394
3680
29778
1335
83960
54665
78248
30483
86605
84429
82279
81314
32
94062
32022
2637
68238
51108
13358
40246
68273
65692
52058
47865
78074
51979
23259
97177
18
57154
67589
94148
41777
72251
82231
21258
32057
90839
14072
30677
19257
74016
92397
14371
23403
3498
84118
65219
45934
22706
83869
46331
16323
36218
63463
55383
47085
88076
53845
5832
61022
6141
79497
43056
91613
89960
40056
41520
44029
46482
63457
32878
81277
98750
81181
60382
46357
38272
49782
68145
12161
34281
25745
18276
62013
7161
82322
4830
19832
10099
22304
63460
39933
6566
15608
68577
74827
59092
42370
15646
31042
63840
40109
25554
32135
18114
76013
77616
5360
65972
72210
13108
3551
85378
65927
94946
57996
91855
11666
81412
14326
58151
51419
68170
27006
41323
71488
55490
16323
52391
25000
69500
98400
91702
1455
1388
33342
75943
15493
20307
79129
13368
68208
30780
94656
83644
36192
70885
10750
55974
9184
62340
84138
28579
46495
29536
53230
34323
36638
61567
8290
33779
25339
30023
81395
24704
40052
54465
60155
69811
95490
55185
8685
53272
8734
95917
38253
14142
12428
1938
60029
8570
40701
59104
35104
11087
47474
28654
4371
93744
72909
50405
75233
79938
84467
35270
70732
9709
77125
83112
85711
67605
90598
27006
69315
79104
85570
45891
10850
3104
48361
1433
61064
61331
38887
28436
29993
4878
77609
84817
66600
57283
81910
41480
38379
18024
64489
36963
91249
67751
70037
49915
89224
99782
33322
98719
25341
30368
29069
91772
49917
74248
2490
32935
65868
95786
84188
61164
91081
84564
28922
68128
56203
93157
71377
76512
94357
57900
81891
26442
21479
47591
55220
83664
3957
59930
43966
66858
6702
946
38637
59840
31332
29599
77585
83568
63606
82116
23870
77986
69710
14261
11213
97122
52897
10458
33804
63013
32532
66929
17305
63754
90036
75572
54820
34917
1794
17682
11150
30262
41528
54839
84530
70156
99094
88103
85162
24829
78876
86850
63545
80851
91790
33612
43130
60952
16941
39604
60036
91385
86504
75832
64663
31245
97624
62526
49913
23919
30380
46588
37847
7753
37337
99224
78017
86258
99764
2971
26617
41960
46440
69988
6411
57614
37510
61614
72053
75857
40221
3996
841
1115
15842
92861
46440
22264
72062
29698
6979
52502
31195
32026
14989
44558
23768
49130
72770
32872
54257
52862
51319
18621
88562
83287
1875
48756
37562
62894
41116
51223
97998
4979
95416
39338
45080
9898
78215
68927
65706
30158
50489
17879
99097
19663
57277
52632
41494
3891
73809
25313
57720
22882
11844
91377
21237
98689
82245
10906
8539
65747
41733
64219
18174
71187
57040
17017
70507
70403
37425
21539
16969
94507
33664
49583
3394
19821
81791
56969
17600
5878
62155
6374
38707
70657
25420
63979
57669
41689
93899
54442
87301
37269
37192
61043
60215
97432
88350
75723
31346
50719
72837
62478
99207
37161
60483
82483
36494
79338
25925
39301
92948
75162
74258
96422
78070
33289
9343
94458
13725
10669
30035
5281
44638
65093
31805
98886
63635
91424
66943
64269
35386
11987
23084
13618
76755
71752
74555
80752
47778
91968
71196
69456
80770
30405
53857
38228
65725
83010
60198
39302
72201
74903
55229
41276
35322
46119
5008
1669
4471
47155
90933
73066
19207
14850
73983
29966
56509
2977
60557
62824
55363
28851
67485
96724
19731
7792
47302
50887
10240
53177
53488
37080
76318
64435
35498
54745
58435
7029
84120
14871
15938
81020
86429
17983
35413
44080
90614
32323
90756
71033
52655
88864
87805
37127
7034
32519
78720
24056
75405
74823
70080
69294
69055
88239
57431
49889
82990
22460
53876
4863
11854
65406
62784
68151
23360
71879
86556
71199
65111
95613
48854
37044
82435
54453
36525
72029
20587
44988
22075
35581
52662
50321
53459
64371
55187
48420
83275
86822
42394
66979
7206
62293
74991
44933
71774
68599
89061
59984
73071
81505
72
36315
8377
56543
93429
24331
27738
62179
10206
36647
85954
55575
8784
86558
14064
11700
91281
12435
37148
90927
86274
38336
23650
91444
96452
54456
90763
37972
69467
24436
12172
13251
89983
10957
42155
95309
82667
38506
55733
20089
87412
28389
19089
87436
72116
86999
11468
3620
20192
65711
29134
1668
46973
10681
38729
40152
74967
35649
87410
93165
97562
882
83226
50851
71966
37199
56548
83583
77683
50047
47026
98669
75061
27237
11638
58363
78238
43109
92057
44859
33517
47991
41378
19023
57112
4849
19239
80845
63316
37316
92665
30997
80940
1616
64019
30606
42344
44870
21106
97695
50252
33285
2590
28150
28396
54272
16879
50055
386
83561
61968
99216
98286
28555
84137
74035
67915
85999
9722
25747
54263
98280
27261
13280
13903
44994
467
89487
14189
50174
2518
56484
37381
90094
56840
60264
74800
5837
53257
45796
37169
9543
99095
89127
39915
20052
64584
35574
81225
66995
4359
72716
10323
90356
7708
46796
79611
54345
35291
70366
24647
49328
9183
68612
84708
62725
91421
15402
33909
60354
87222
43416
75496
80740
95890
72546
47713
39837
70957
95526
73685
2238
88120
77475
23284
55109
58572
52530
65712
27997
49873
88461
49324
44838
54445
15368
34452
1204
68732
32232
19844
82887
5973
